2000
1895 1957
4000
51 943 7
625 1075 6
1052 1529 10
331 566 3
1293 232 1
766 1649 6
1759 816 4
1985 1115 10
719 227 3
1272 842 10
906 1356 7
1495 516 6
677 1083 10
1267 1147 3
246 1916 8
61 1872 9
328 1438 6
1464 218 1
763 1707 2
458 1847 8
6 1354 8
1896 485 2
1531 1780 6
1029 1918 2
1549 1776 5
486 1424 4
314 1911 10
185 299 2
1372 615 3
490 856 2
217 1127 5
78 251 4
1522 1421 2
1998 1982 4
1637 725 8
718 313 4
944 1503 6
1221 332 5
1431 1263 6
1436 840 5
1492 1930 5
379 1734 9
1070 1294 9
535 257 1
1436 1454 2
331 827 3
815 493 5
905 1044 5
1225 1337 10
873 1332 9
1161 1892 9
849 46 9
1878 803 1
1264 1607 7
1109 1392 2
382 1268 1
1286 1092 9
859 1899 2
920 1506 10
1082 1332 1
521 1010 1
856 54 9
1067 1190 7
1620 1633 5
439 249 1
1221 669 3
590 1080 7
1490 402 2
70 489 9
1547 1367 9
1174 1754 2
786 572 4
1042 1805 7
1858 245 8
1016 473 6
133 547 8
1572 22 1
1104 1476 9
1721 817 7
416 1068 7
1211 1709 9
1538 62 2
353 887 1
1592 1179 9
1134 784 8
502 844 8
1281 1579 10
1973 1936 7
621 1376 10
751 740 3
10 1107 3
1894 132 9
449 1991 5
737 373 3
667 1503 1
283 1602 8
1311 1251 6
1588 1530 6
1365 1481 7
800 1690 8
519 1539 9
248 1176 2
1122 844 7
1097 274 2
1989 802 4
633 1730 2
1915 1808 1
1947 1611 8
6 1774 7
819 1614 4
435 1257 5
637 497 7
570 1925 10
857 1247 10
577 1956 4
1456 1719 7
753 1195 10
820 250 6
1199 676 7
384 950 2
351 228 5
1983 403 2
720 1372 2
1020 24 1
1352 1399 4
912 906 4
1565 1349 5
1790 945 6
641 946 4
1319 1092 2
57 1751 7
1117 1657 2
1445 32 3
1479 951 9
1135 52 4
1175 1289 2
1192 6 7
750 1596 8
1876 1785 10
448 1423 9
1453 379 7
1370 1160 3
1044 1759 8
1970 14 6
1530 25 2
919 803 9
192 1805 1
59 713 10
1305 1872 10
489 460 4
901 910 7
21 810 3
1265 1354 6
1468 845 6
1150 943 10
717 840 10
1922 1747 8
848 855 4
1894 916 9
1218 402 7
252 799 9
880 20 1
940 655 8
1399 1385 9
1011 218 1
503 203 5
1358 1277 5
1875 1128 5
471 149 10
613 871 6
285 692 6
1287 1499 8
1111 1086 3
104 932 10
1494 1949 4
768 1047 5
705 1770 6
814 813 1
797 739 2
672 1181 2
1481 1132 6
1623 1213 6
1076 1435 10
563 456 9
1891 1088 8
1639 664 8
287 1119 4
220 178 9
1995 362 5
79 96 8
1405 1845 7
224 72 8
253 1878 2
1658 954 2
1546 1130 4
1009 1036 10
1507 463 9
556 1723 5
933 1764 5
1359 1357 7
1038 1383 4
1143 352 3
1997 815 6
1613 1466 8
1516 1417 6
1776 1031 2
273 174 9
1700 1561 3
1683 1820 5
69 1660 2
1286 531 7
1269 735 4
271 425 10
447 803 2
33 392 5
995 931 9
1738 1048 2
90 160 9
1158 993 1
272 618 1
311 210 6
916 828 3
1714 1871 1
1934 944 2
1015 979 5
428 1726 5
631 1586 3
443 1824 4
1829 1742 6
249 982 2
1220 1848 8
105 1245 10
1595 1046 5
1802 490 4
1977 417 2
1161 1771 4
1953 1207 7
976 1093 7
512 1978 7
1618 384 3
610 792 7
1139 1132 1
84 773 9
1639 1358 1
8 1539 4
434 1667 1
1564 1501 1
111 342 7
957 1816 6
269 1550 3
509 635 7
583 806 4
981 1553 8
180 1116 8
651 91 4
1677 1274 3
1681 167 3
671 391 2
119 784 3
1194 1246 9
1062 1549 7
1282 141 7
1684 1342 1
1829 402 3
159 92 10
238 261 8
1517 1409 6
1005 547 8
148 758 1
1475 1084 2
229 1540 6
671 1170 4
1773 508 9
1398 680 8
1931 441 7
1989 359 10
230 1350 5
587 963 9
598 441 10
1753 1341 9
415 1620 8
1553 1459 10
619 162 2
1082 1333 10
1375 1238 7
27 1134 5
1756 1976 6
448 17 2
1149 1121 6
1562 703 6
608 910 7
1635 1329 4
1320 1589 7
1044 349 5
374 1775 1
438 1419 8
1798 565 5
571 229 8
1044 1635 10
559 663 4
1265 1921 9
667 565 1
1239 846 1
208 1031 4
1002 1594 2
579 1785 4
723 57 4
871 996 1
232 1078 10
1010 822 6
888 424 7
437 467 10
193 1520 9
56 1940 9
776 48 1
1938 1219 3
730 1571 6
1127 855 6
1426 1914 7
1076 1653 1
302 1958 2
577 1798 10
1369 116 9
1473 1638 6
30 1258 9
1224 611 2
1441 1519 4
1233 434 8
713 1780 10
199 1086 10
262 1851 3
617 680 10
13 498 4
1913 1335 9
1669 347 8
1176 1842 7
17 1299 7
1883 573 7
1422 691 7
1442 1936 4
1200 1496 7
651 1258 4
114 354 8
538 163 2
918 1842 9
1103 1742 6
1763 1580 5
47 1400 5
1927 547 9
1494 747 2
1125 888 2
1993 838 5
352 1070 7
352 593 3
100 393 10
633 1736 6
1756 1986 2
140 1428 9
1587 976 4
1825 1989 8
651 1403 10
116 1024 5
982 1264 9
710 1450 2
1477 662 10
1118 1915 10
159 142 8
269 1472 8
527 35 9
1367 712 9
189 1850 2
1196 1788 7
209 1880 2
517 1864 2
1549 132 7
1121 941 7
982 4 6
924 620 9
1711 346 3
341 1497 4
1217 262 6
750 814 4
1262 504 1
1628 1960 4
476 928 2
631 1415 8
1980 112 5
913 949 4
559 486 4
498 640 5
1921 327 6
1245 1007 1
1064 585 8
1891 621 9
1010 453 8
1925 1623 5
920 1647 3
388 1053 9
377 445 4
1351 1995 8
1369 189 6
1644 1335 3
1279 335 2
1550 1069 1
830 1206 6
1798 220 7
120 1754 6
1059 1696 5
188 90 9
156 785 10
1710 467 10
46 376 10
809 1071 4
1662 1565 9
292 1983 6
68 1597 10
1359 1904 8
1745 430 6
1073 602 2
992 1194 9
1818 1493 1
763 744 10
1842 120 3
1667 247 2
1004 1318 3
1243 632 7
1878 1257 4
645 427 5
1806 1417 2
46 822 10
1172 12 2
564 392 10
510 1330 4
1464 577 3
1858 536 3
1680 469 9
1200 930 7
1068 1122 7
1939 1125 4
717 1179 7
1326 637 9
1123 893 3
1990 1749 9
256 363 1
631 278 9
1892 521 9
1987 306 5
1924 205 10
1076 1102 4
1096 141 2
242 1452 4
631 1602 5
776 1516 10
1057 1879 4
1779 783 5
456 37 4
763 466 4
1475 709 3
385 1996 10
1500 1917 9
596 769 2
712 1800 8
538 321 4
775 642 6
203 1683 6
1122 1664 1
1315 738 7
1376 1464 4
150 615 10
1168 502 10
418 907 6
1347 536 3
594 855 9
928 151 9
500 1008 7
1896 1326 6
1810 688 1
1539 816 8
800 1548 8
536 1912 9
1963 116 3
759 921 2
1367 286 3
113 1931 10
1739 170 1
685 1039 1
1142 1825 4
809 1916 9
348 706 6
79 193 10
1969 1358 10
160 1957 6
230 1129 4
734 1561 10
425 1984 4
132 1859 3
1553 324 4
1466 1024 7
433 2 10
424 431 4
7 1044 1
227 1663 3
319 384 5
1899 510 5
711 835 3
1782 1935 2
1321 1700 2
1846 795 7
125 967 4
1183 365 4
1796 1810 1
333 889 2
1393 1577 8
59 1185 3
329 1203 4
1301 625 10
1378 1845 10
1023 947 10
728 1295 6
1126 127 2
805 1403 3
517 894 5
727 1808 1
678 1874 6
1212 556 9
499 1658 2
651 1150 10
1188 1099 10
323 1475 3
6 1548 8
1758 1825 2
307 1133 2
431 711 4
1738 1761 3
700 958 5
68 719 10
1847 592 3
492 1151 6
1725 1469 2
1970 1454 4
838 509 6
1232 550 1
618 951 9
956 145 6
112 1385 10
1606 1120 6
1412 1836 2
385 1642 10
1854 529 1
244 1681 9
656 1646 6
1193 245 1
1267 1805 7
680 377 4
436 1602 4
774 1835 5
1798 1125 6
596 1765 5
631 249 2
1791 202 7
693 1357 3
1222 1746 9
1853 762 10
1697 647 2
1687 1779 3
1359 1952 3
67 259 6
952 1978 7
824 1636 4
580 1325 5
1346 1292 4
1636 1796 4
180 383 9
1609 1157 2
669 450 5
810 590 10
1764 74 6
1949 208 3
575 681 6
996 625 2
836 72 3
59 76 8
1692 207 9
1700 530 9
1441 822 9
1202 17 3
364 1922 6
149 801 2
84 1011 8
1584 865 8
437 1056 1
1585 459 10
1057 985 10
913 167 10
685 1224 7
1027 520 8
504 476 10
1792 33 3
491 106 5
284 1590 4
1231 1442 6
1667 880 7
550 1163 10
1432 1342 3
131 63 6
775 671 9
1491 496 10
1297 1648 8
1665 778 4
892 1345 9
1493 1882 3
1545 480 7
253 1049 6
572 701 10
1601 1737 6
28 1355 2
770 951 6
589 1327 6
650 996 7
714 739 5
714 14 5
505 279 8
1896 830 1
1078 941 5
301 417 9
188 1681 3
787 1374 4
1732 999 7
1445 169 4
1768 814 8
1599 882 8
1106 1625 6
1800 1001 4
300 351 1
1314 1050 4
612 866 8
566 1815 2
405 1308 5
516 1391 1
1206 1437 2
438 1571 8
1257 1779 9
899 743 6
1585 1751 9
738 1772 3
1951 1689 2
1579 679 3
632 969 7
514 1674 9
1275 1552 6
898 5 7
1585 95 1
1368 1481 1
928 792 5
699 228 8
1017 468 9
1395 1909 6
1676 1689 1
1490 502 5
1321 165 5
1776 1218 5
200 1254 8
1663 1158 2
1960 355 7
495 1572 2
1184 1526 1
1170 606 2
750 443 5
724 185 3
444 204 5
1270 1690 7
454 1899 8
994 618 5
340 1930 8
1785 1491 2
46 364 4
1003 458 4
80 1557 6
242 443 7
689 1450 7
1637 1573 6
820 1083 10
1660 647 2
1542 1613 3
1542 188 10
1421 1203 9
322 1090 6
88 1784 4
667 1254 2
1129 1180 7
327 515 5
258 1764 6
310 658 5
1662 1038 9
71 1565 9
210 1530 2
755 1372 5
1893 1496 9
151 548 2
200 722 3
832 66 4
1117 405 1
299 1183 6
1620 305 9
1291 357 4
1589 247 2
1685 1222 1
1110 1259 1
1229 897 3
1270 446 1
794 544 3
1389 1049 5
386 958 9
1843 1700 10
470 893 6
1654 312 10
1343 964 9
81 1951 8
752 668 7
387 996 4
1792 974 3
628 1738 2
644 121 4
1852 1165 5
924 38 7
334 1120 1
514 195 7
1039 717 5
1345 851 9
1581 1022 9
1065 1166 9
663 527 8
1194 566 4
1708 789 9
682 1372 1
1396 218 2
577 1716 8
1135 1233 3
1331 680 4
1972 270 2
3 1612 6
116 1734 6
226 435 2
980 59 1
403 528 8
1840 863 2
475 1446 8
1150 928 2
1876 1175 3
1140 961 3
1600 1067 10
1716 440 4
1814 1191 4
888 237 1
1125 1112 6
1728 1102 7
1977 1147 3
1595 940 2
1404 1382 2
1098 1585 1
1016 1812 10
856 1803 8
1922 906 10
382 1970 7
1085 1991 5
1009 365 1
1963 1916 10
1394 1306 9
33 1791 6
961 1706 6
97 1954 8
565 1342 4
542 1225 5
755 1751 4
894 1299 8
1088 214 4
1505 1379 4
847 1835 7
1756 80 1
631 1746 2
1276 1981 7
920 1802 2
1232 1059 10
90 3 9
120 1248 5
757 1091 8
624 792 3
778 107 6
264 1346 3
1980 877 2
1107 963 7
854 1828 5
227 556 3
322 1861 5
1288 83 8
1559 1405 10
875 508 10
1886 1557 10
35 597 7
1655 1317 9
247 1647 9
276 1445 5
616 946 9
1924 1816 5
145 1588 7
1421 1702 8
942 725 1
320 542 10
670 609 7
431 1971 7
1633 39 5
1024 1069 10
1818 603 1
120 1169 5
845 967 5
1420 725 7
1287 1806 8
1736 1938 5
1432 91 2
803 1049 1
651 1323 8
1813 186 10
1323 443 6
1570 1043 5
871 967 6
885 929 10
545 1596 10
1065 1810 4
1739 1023 8
1489 1541 6
202 1145 1
822 1016 1
1956 390 2
1746 795 9
1020 1371 6
1592 322 8
1753 1895 1
104 1903 7
348 1451 10
557 703 1
649 424 1
1087 1689 3
226 1467 7
243 1480 1
1432 525 10
861 1103 10
518 1808 8
774 1518 2
726 1858 7
1082 972 6
1125 109 10
1785 1602 4
1817 1753 4
1083 1202 7
265 1730 10
355 883 3
756 1759 3
1244 772 10
25 1145 10
1477 1327 7
1889 579 3
421 622 2
1021 1541 2
1421 690 9
807 1466 9
710 750 1
1025 334 3
385 1357 5
1663 1932 10
152 195 2
1599 748 2
194 366 3
192 776 10
637 1929 4
1359 628 2
779 410 5
1017 858 6
1294 1150 4
209 1841 6
843 662 1
1349 891 1
236 483 1
1404 367 9
1678 1203 8
1206 1373 6
1248 674 1
919 468 3
1566 1724 10
773 135 9
1830 1232 1
1092 845 5
97 1310 2
1871 244 4
1381 113 8
221 243 10
944 564 9
968 741 5
1680 1916 5
352 1507 9
184 1384 8
378 510 10
310 1619 4
1241 768 4
1827 427 8
1077 1361 5
927 746 6
1735 600 7
1568 384 8
1954 245 6
135 14 10
1042 1009 10
1481 1079 3
796 1724 10
915 944 5
318 504 3
596 1997 9
1169 221 7
1447 1420 6
145 1722 9
1757 511 1
1767 240 10
1959 1539 4
1753 438 6
1998 623 7
294 1505 3
474 988 4
1822 1008 8
1434 309 2
384 470 6
1780 1819 2
1093 1411 4
1987 731 9
859 698 7
449 1090 10
352 1781 10
892 1841 10
1180 1110 4
410 1375 1
1252 1942 6
690 630 5
197 204 10
1965 227 4
459 875 7
954 1193 2
1654 1795 6
295 1411 6
78 380 2
1965 432 9
615 429 5
1955 1184 10
1297 397 3
1740 1646 7
988 372 6
746 321 10
1862 1692 8
626 1034 5
308 148 9
1683 398 6
1352 1854 3
260 1273 7
1345 1739 7
505 1548 4
623 347 1
226 218 10
1043 810 7
1969 1332 6
17 1581 4
47 920 4
340 635 5
1630 1613 4
903 974 2
598 1948 1
1207 723 9
72 1000 1
1426 501 7
311 1068 1
203 199 8
1267 1959 1
1976 938 6
87 1574 7
940 1899 1
1797 1284 6
1543 842 10
71 651 2
557 1121 8
1887 137 2
1388 1437 1
98 317 5
688 800 2
1574 1937 1
803 1541 7
4 1031 10
1918 1824 10
1069 1142 2
635 1404 3
63 122 10
1629 801 1
1784 823 1
327 544 2
53 1822 1
269 1986 4
1215 1117 5
1081 1855 1
730 1046 2
1528 431 5
181 807 8
1043 882 4
91 1867 5
778 1775 6
517 1608 8
1127 1111 4
102 727 6
810 356 3
846 209 8
532 1655 1
373 1584 9
62 1959 10
1427 1000 5
1259 795 10
1850 1459 6
1748 515 1
401 1424 5
740 570 1
807 1738 3
542 256 4
1100 1850 1
728 1898 1
599 1561 6
1947 686 8
267 1491 8
1833 1173 4
1020 1940 8
640 1455 2
149 1061 9
1251 1684 7
1227 46 3
1670 1781 4
802 1324 5
1175 1153 3
302 206 3
917 1756 8
1339 948 6
1761 629 1
1856 626 7
1853 252 9
1201 231 6
365 808 8
1060 1727 6
861 64 2
56 682 3
980 1194 9
1688 1104 4
1046 812 6
1325 1260 3
1838 1010 3
1674 1259 1
1792 554 8
1635 135 1
1236 1169 6
1731 1322 4
1847 900 8
1447 702 10
66 1260 7
634 1785 9
79 971 6
1819 1295 7
1923 1883 2
440 25 9
1718 326 4
464 376 6
1124 1094 10
381 980 6
1368 211 5
450 1982 8
1564 427 4
1677 567 3
1353 1604 1
1319 1257 4
1493 1369 10
11 1925 10
1145 699 10
1352 1074 6
352 1972 7
1609 898 2
276 1317 6
688 1309 4
906 920 10
1261 454 8
1531 1162 10
405 1014 4
670 1606 3
233 963 3
1437 1838 2
1251 1783 7
1503 617 3
1992 855 10
529 1263 10
1936 539 2
1462 1592 6
1848 89 5
1927 1204 6
546 1501 2
981 325 7
390 1483 6
1774 389 10
429 1231 1
41 802 5
88 1613 4
1404 1457 9
1020 1980 6
337 682 9
1903 1281 6
467 1356 10
1866 183 6
1789 774 2
1535 455 3
1753 1760 5
1725 1474 2
1954 369 9
1272 293 7
1896 1652 3
687 1000 9
770 435 2
1847 1996 7
228 1690 6
457 1402 6
1673 617 6
881 379 5
1266 991 1
643 561 2
485 737 3
1983 942 1
909 1550 9
21 467 6
103 235 9
1782 662 3
201 1869 4
1153 1436 10
635 881 4
965 251 2
530 1395 10
1652 24 10
982 986 1
1576 1511 2
610 1166 2
1931 1255 6
23 216 10
186 78 7
132 1593 6
1095 1549 8
115 1372 3
1893 1637 10
902 353 10
744 386 4
658 1610 5
1486 1345 1
1594 62 8
1775 1913 5
448 256 4
1378 1733 2
505 1620 5
823 1124 10
308 1557 7
1221 1084 2
1775 946 6
310 1580 9
1587 1905 2
1607 41 9
1674 569 7
137 455 4
1405 1150 2
899 1936 9
295 1019 4
251 542 6
75 1333 8
682 484 3
807 1171 5
1076 530 7
1440 1980 7
1498 1990 9
14 581 9
970 1019 4
1909 1082 3
1630 615 3
50 178 9
841 1163 1
1673 202 7
408 945 2
806 1613 3
1457 1187 1
623 1008 9
1294 892 1
1376 901 7
1984 501 7
106 842 3
478 308 3
553 1049 4
393 1361 5
889 760 8
1938 441 8
1878 1002 9
1564 1083 8
648 1944 9
93 1147 5
341 776 5
374 433 6
658 1747 8
1618 1994 4
1231 1101 10
1886 431 9
1113 1625 5
1163 1369 10
876 221 9
235 1551 9
1941 69 3
350 1927 4
1044 684 8
1038 1020 4
1868 212 8
1227 599 9
443 1007 10
626 192 3
1902 1794 7
155 1671 4
288 375 5
396 868 3
407 1885 2
1715 1049 5
1930 570 10
108 1609 9
655 1064 7
999 993 10
883 389 5
832 555 5
1401 1199 6
1615 881 4
453 89 1
201 1286 8
1719 730 10
1659 1020 4
1015 1100 7
31 1641 9
1359 919 2
1786 1542 1
475 599 6
1465 1902 5
1834 958 1
1531 39 1
1370 1822 8
269 637 6
1411 712 10
1013 541 2
1896 1547 7
84 1281 10
1259 1869 7
257 174 7
203 1863 10
1984 301 7
473 1885 2
942 1373 6
1685 39 3
1036 586 3
783 1146 10
423 810 2
1201 1440 5
1509 688 4
1229 720 6
606 1831 5
37 817 2
1628 796 10
1432 1586 9
367 263 3
389 72 8
185 1230 4
1358 1454 6
749 1926 5
1080 702 5
609 246 10
1305 202 7
1463 1832 8
86 1615 10
66 916 9
838 1596 10
1991 1563 1
1163 112 1
1085 1585 5
167 1563 10
1837 508 6
289 1134 1
1186 1046 4
1455 468 3
932 1719 3
1636 1851 9
938 569 6
930 1296 10
1573 606 8
1559 671 8
267 1740 2
1671 864 4
46 1343 1
944 785 4
1977 1948 4
251 868 9
1666 39 1
1592 654 4
1089 193 3
914 954 1
1037 1874 6
1516 793 3
1808 1770 8
1075 1426 10
1425 1000 1
119 1996 6
435 1011 5
708 258 5
597 1850 5
484 134 6
850 693 5
537 1015 4
1086 170 3
1901 1456 5
1603 1303 3
1015 605 3
534 1856 8
412 1207 1
1083 1769 9
904 498 10
711 1954 1
1288 223 7
105 413 9
1341 1903 4
34 785 3
144 1260 3
1669 451 7
914 379 2
1752 316 7
1745 186 6
457 840 2
124 1565 5
1908 449 2
1763 665 5
693 1798 4
186 148 1
276 1464 2
116 1947 9
1469 21 10
888 1734 8
1077 300 1
1949 1768 3
1267 1114 10
366 1530 5
221 23 7
1714 1134 10
1846 9 7
1662 786 2
1814 1786 3
999 1619 6
296 1150 8
1620 351 1
1332 475 10
1463 1322 4
890 1553 5
570 1294 1
1151 221 3
1769 611 6
666 1520 7
1340 1129 10
1975 1003 3
480 1724 10
289 560 5
1881 699 7
1658 496 8
447 635 6
1097 1441 1
348 1644 2
735 1961 5
939 882 1
59 1899 4
1597 1997 5
1743 1376 1
96 906 10
394 1150 3
1902 457 4
1196 536 10
1286 1606 7
1457 1512 3
618 780 10
1643 316 9
339 608 10
978 532 9
636 427 6
1731 1457 2
1756 341 9
1270 687 6
565 632 3
1369 327 6
219 778 5
574 1186 1
510 1011 1
1175 817 8
50 1127 10
1108 790 7
146 1872 4
1988 1584 7
273 1119 9
1334 1764 7
427 1527 9
1415 448 10
1321 1379 2
1183 1441 1
1203 402 8
502 182 10
1221 1452 2
1907 1923 1
786 510 1
13 173 4
143 1063 3
1601 1082 7
1301 113 9
1041 570 2
177 1421 5
2000 1827 10
1339 995 3
1180 391 10
1993 1727 9
1881 90 2
882 859 5
1169 558 6
897 949 1
1087 769 7
525 1955 1
36 1649 8
1133 203 5
1941 337 10
1212 1712 10
1014 592 5
890 668 9
560 648 2
1091 494 2
1394 401 2
700 698 6
1904 966 1
902 1467 9
461 460 5
29 975 4
1603 534 7
1537 1385 10
96 1269 2
1968 434 5
713 1077 6
1362 79 8
287 1247 5
1287 1095 8
813 1197 9
55 1551 6
1570 1136 2
1418 1223 6
1824 1344 2
13 574 1
1679 1130 4
1918 233 8
876 821 5
943 1988 6
154 1035 1
1643 402 7
81 1813 5
1415 1225 10
215 859 2
563 1180 1
779 1373 2
265 649 5
1540 894 8
1273 761 5
1130 1526 10
1268 1577 1
1223 1622 3
1852 49 4
63 1375 7
1 1189 10
275 382 3
264 481 9
1778 852 5
1235 193 5
484 331 5
705 933 5
188 1238 8
1814 49 8
1081 1512 7
1471 1934 9
964 1570 4
897 733 5
1806 1918 2
1715 212 1
191 909 3
362 1865 8
1600 1052 6
434 1612 2
1508 1285 5
1699 1702 2
1989 918 5
410 1549 8
1491 676 4
1066 15 3
1074 1014 2
1870 1901 6
1429 407 2
284 1393 10
1905 1198 5
915 1836 7
1607 218 5
1123 1839 9
163 1021 1
1535 1445 2
161 1258 1
464 60 4
1776 72 8
744 421 2
1320 1090 9
1244 800 5
302 1399 7
685 747 2
1003 48 9
985 623 8
802 513 9
228 763 9
1536 968 7
1623 374 4
831 710 9
1188 1195 6
1760 592 9
1949 714 5
1069 219 1
1279 1784 8
1393 506 1
1314 1133 6
1213 319 5
1123 1570 1
481 12 6
792 1526 10
378 810 6
88 1199 3
456 481 3
801 1837 3
1274 1726 4
878 302 4
1742 130 7
700 448 6
925 1109 2
195 1322 8
985 596 2
149 47 10
463 1781 2
243 578 4
1607 312 8
1435 778 7
1324 537 4
469 1328 8
1651 1604 3
979 1712 4
1495 563 9
1912 882 10
993 1758 7
267 1004 2
711 810 3
668 290 5
1090 1054 9
1997 1149 9
1018 519 4
1488 1565 3
524 1410 1
1628 1362 1
1671 729 8
1295 773 5
964 99 2
1527 596 6
1915 1513 10
1307 494 3
1873 592 5
965 1000 1
980 21 3
1905 282 3
403 203 7
1341 382 5
754 942 6
738 1111 4
1745 1927 2
1883 316 9
903 1461 10
723 1437 6
1411 1297 9
1192 1611 8
568 1989 1
206 83 9
1450 583 8
1440 1854 7
1014 1758 9
1849 1471 8
1607 770 6
338 1328 9
718 925 10
1276 1978 9
752 1583 4
1397 1819 2
1346 1714 9
1003 1897 7
1185 1329 1
154 1351 7
89 1207 10
894 1504 7
1728 694 4
1420 1882 6
880 81 10
1977 1374 6
991 1422 1
1801 926 3
1566 1341 4
105 506 1
313 1008 8
685 158 7
71 1956 7
1861 1358 6
567 1385 7
510 50 3
1178 890 1
1513 1957 7
737 1145 9
1052 360 3
953 1799 1
1712 183 8
1943 1210 10
265 447 2
1341 791 1
1306 37 4
110 902 2
1127 1845 9
1141 923 3
581 1210 7
1331 183 7
152 67 1
1094 203 3
740 1708 2
488 1839 1
420 353 7
251 460 2
909 664 10
1711 1723 1
106 1667 5
1010 1156 7
738 211 7
1062 415 2
435 321 6
237 1798 1
1825 1869 6
1395 1552 2
1274 97 4
704 1778 1
452 1998 3
270 1626 4
789 830 2
81 637 9
1230 627 10
95 1310 9
1755 578 5
1008 1926 9
603 1575 6
1508 492 6
1292 1900 5
1205 247 3
77 1973 3
1359 1918 2
1906 1839 4
727 584 1
1078 775 4
557 1702 7
1004 1782 1
994 219 9
1702 1508 2
969 556 3
635 1014 1
418 703 10
857 1783 5
1825 179 1
943 1288 5
1138 1368 1
492 103 3
1622 1237 1
1274 1295 6
654 50 6
1741 792 4
232 889 9
632 193 9
245 308 7
860 465 1
1681 805 7
774 974 4
1019 1616 3
1447 1018 8
1557 1511 10
1614 1552 10
1881 733 1
1782 184 3
579 152 5
1040 162 4
1733 1625 1
309 872 9
189 987 2
1161 1057 5
642 1823 9
988 745 6
1622 408 3
1005 879 7
1424 1377 10
1959 1543 4
479 1132 4
1988 1305 8
1854 173 7
1097 1686 9
1014 740 7
1524 1883 10
44 970 8
767 318 1
699 1516 2
1565 1765 5
173 1498 10
1369 567 10
883 892 7
533 1463 3
496 208 4
860 1261 5
878 493 6
25 3 1
1376 1009 3
1640 1574 6
854 1103 6
1637 486 10
134 274 9
1148 718 2
318 1889 8
1699 373 8
990 772 7
793 1613 3
1574 1727 7
1078 975 9
1847 977 2
853 93 7
193 686 7
836 458 3
800 76 5
905 1509 10
132 580 1
1692 826 6
2 1522 8
1358 1774 5
1126 201 3
1830 1195 3
1519 1570 3
1046 317 10
503 1859 6
1957 1381 8
227 1230 4
1844 1998 10
1261 1844 8
673 887 2
660 1994 7
322 204 6
363 1456 8
1004 1392 6
1528 347 9
662 1728 3
497 149 5
1247 1022 1
1603 288 10
1491 1319 3
958 1495 4
1717 1719 1
24 806 6
543 1451 7
1497 1132 4
42 321 3
9 1428 1
866 1701 8
1952 1144 10
126 1024 8
71 101 3
99 73 5
1032 1092 5
1503 1649 1
23 637 5
650 1281 10
1373 1375 3
533 1018 6
1445 231 8
470 89 7
1231 1532 5
555 658 8
685 772 7
709 126 7
1802 1163 7
1266 1341 4
573 1549 3
993 1087 6
1639 904 6
706 240 2
774 69 6
353 182 4
1501 1340 10
1609 551 4
1305 303 5
1693 1670 7
1338 101 5
1492 1078 9
1982 1089 2
1912 1573 8
674 1947 8
1625 1518 10
1932 56 5
1295 1467 10
1307 1796 4
1642 556 1
888 1925 6
1469 393 4
1903 657 4
1806 217 9
1848 1364 4
1554 47 1
565 118 7
1753 1379 8
483 390 7
1587 262 4
658 1840 8
1901 667 8
1739 44 9
870 755 3
72 1566 5
1881 1996 3
603 1958 5
598 508 8
1522 944 2
608 1967 8
1036 1798 9
1230 176 3
915 1026 10
1096 1413 1
1819 421 1
144 169 2
1060 778 6
1698 2 10
198 704 1
642 466 3
1687 384 3
356 1036 2
1885 1602 4
57 1310 9
1729 639 8
359 1940 4
275 847 1
710 1321 1
1437 123 6
522 1180 5
1743 1813 6
1568 968 1
798 1164 6
1723 56 2
1020 972 2
858 287 7
571 1436 1
370 105 7
197 631 6
1701 790 4
613 64 3
1500 328 6
1217 1082 6
1821 1828 10
312 492 2
827 461 7
117 1032 2
170 1480 10
404 1778 2
573 1513 5
499 1879 6
35 1956 2
1483 1150 8
781 394 9
1552 1565 4
898 976 7
374 1997 5
708 972 7
267 954 10
1062 1891 5
622 420 2
257 1894 1
591 1162 9
1285 1344 7
1838 1927 1
388 889 2
1007 305 1
1943 1307 1
1780 415 4
184 734 9
1162 321 8
223 1290 3
867 1849 7
27 400 8
954 555 1
1413 388 2
179 1317 9
1333 1757 9
737 424 9
1564 1620 1
1742 1767 5
1964 800 8
1508 593 1
316 339 2
1898 1876 5
278 733 9
1954 1182 10
1170 1085 4
1582 821 4
789 1008 1
251 453 10
369 1244 2
834 277 10
1848 1560 1
1163 1048 10
507 1821 6
879 699 2
868 192 10
316 1660 6
1772 1877 9
285 455 10
473 399 7
523 575 8
1728 144 8
1676 1374 1
1984 798 2
271 1859 3
630 230 10
1712 976 10
8 1818 7
1069 1586 10
1387 1260 6
150 735 4
1277 282 7
1085 233 9
1282 523 5
703 721 2
1640 297 5
642 203 4
1617 800 7
1530 59 9
1052 770 1
750 688 6
329 102 4
1250 1172 10
616 1521 5
1320 1512 4
1653 1310 8
1425 1836 10
1341 1887 6
215 1534 2
1766 1276 9
100 538 8
426 1492 10
63 322 5
1305 1683 7
516 1515 1
1635 777 7
1130 1129 10
214 1280 9
378 1442 4
1289 1197 1
1187 356 2
1471 1030 2
1092 1574 1
256 784 4
1188 1114 8
635 979 6
1655 1133 2
1890 1359 3
1969 1011 5
1052 1692 4
1561 1353 4
1886 119 5
527 1299 7
220 1215 1
177 1943 10
1670 497 8
1941 1752 9
709 10 9
527 484 7
1065 1255 9
1057 126 2
1456 103 5
627 1340 6
794 874 7
289 1458 4
342 52 9
1450 629 10
1411 170 9
1968 1053 3
778 427 10
1377 1618 7
351 453 1
161 1727 10
1489 1894 5
1813 427 3
1096 1955 7
757 834 5
632 355 10
284 1874 5
596 77 1
775 647 1
476 322 8
488 1157 1
1048 345 1
219 1616 8
1531 457 2
662 945 7
138 207 3
890 1254 8
1448 1691 7
1973 97 6
1110 960 7
824 359 2
448 1149 6
1010 1946 6
672 146 9
730 1839 4
426 798 8
1854 844 2
453 547 1
1432 145 10
1001 1443 3
820 31 9
1050 1472 7
298 1654 5
1340 537 8
898 1284 7
652 957 10
322 1894 10
489 1826 7
426 25 3
1273 503 7
319 1219 8
953 1001 6
461 1843 9
720 1285 6
1517 1714 6
577 451 9
1073 623 3
176 609 8
1841 1380 6
916 1742 9
1296 1876 5
1493 817 2
464 662 5
1328 999 2
1061 971 5
448 1053 1
1297 268 9
947 1919 9
1692 1823 9
406 487 3
1725 1698 8
387 1225 3
1686 1321 7
1557 562 10
508 983 10
662 1406 1
189 1373 2
1332 1716 9
1821 713 8
1007 40 3
23 1579 4
1615 368 5
1838 1532 1
159 1398 7
1582 1981 10
1258 1695 1
1851 1753 6
202 1156 10
693 483 10
1937 1489 6
1046 520 6
1677 1695 5
1478 1966 1
1855 335 6
377 362 4
905 1902 4
197 320 8
1205 1314 2
961 1993 7
1528 908 8
787 932 10
744 1807 10
1694 290 6
488 4 4
881 823 7
448 906 3
1211 262 9
1111 1819 2
728 1263 8
1835 1281 10
354 984 5
53 1892 6
920 743 5
578 1867 1
561 206 7
645 1473 7
240 1098 7
858 1890 4
1898 1094 9
873 433 10
45 422 6
938 758 2
1677 1254 1
615 1678 3
1612 94 6
1294 1325 10
571 1372 7
210 1353 8
1996 1342 10
835 459 8
1865 155 4
810 463 7
1542 1335 8
930 1169 9
1054 1416 10
1480 1051 7
1803 718 7
757 1189 4
1023 1317 6
1689 1320 7
166 993 3
1625 1996 3
1615 203 8
877 370 3
1112 244 4
236 1324 6
1506 1816 1
1788 374 8
634 546 10
817 1198 2
348 1511 7
1948 1111 1
551 1882 5
1380 1182 8
518 67 10
1409 549 2
671 1804 1
469 1198 8
777 835 3
1950 1142 10
634 337 7
1885 438 8
998 1046 9
1708 711 10
1024 1945 2
631 1987 10
1281 893 7
277 301 9
1034 8 9
1178 1095 8
1436 1626 9
922 643 6
694 1052 7
1632 415 5
389 254 9
1360 391 4
808 71 1
428 862 5
374 1325 1
1352 1623 8
991 23 5
739 578 7
1638 956 9
1838 796 7
127 1464 4
1082 1647 9
1866 1781 6
682 1605 5
651 1890 6
108 905 10
1792 1404 1
943 837 8
890 1153 1
65 1366 3
709 1790 6
1970 54 9
549 1368 4
795 237 3
1422 1176 2
610 1018 6
197 899 8
702 120 10
1729 1997 8
1025 1330 8
1963 1626 9
28 1209 2
1348 180 5
988 1603 3
216 270 6
1502 1633 10
1918 710 9
1646 1481 7
1373 1190 8
868 1215 5
1330 1197 7
1726 1808 8
1312 1050 6
1566 1156 1
1030 243 9
1966 1832 8
1530 1168 8
1620 325 5
1169 1216 7
389 1079 4
1076 1754 2
147 1099 1
756 1748 7
1923 525 8
133 1676 2
604 475 2
138 1762 1
1468 1668 7
865 140 2
1768 1205 4
1194 1319 2
51 1789 6
180 102 6
950 290 3
1990 1201 4
1556 535 3
141 1427 3
460 896 10
623 680 8
451 229 9
1217 1892 7
1010 768 2
915 1720 3
619 1914 1
312 1232 6
1369 537 3
1284 726 3
574 1396 5
474 1513 5
815 1217 4
755 1094 2
1374 3 4
1751 1585 3
10 1967 1
145 1351 1
369 1774 8
1872 1726 9
324 254 10
103 815 6
1368 1511 4
1098 776 6
83 1505 8
167 1651 9
815 1965 5
964 1400 9
818 1941 4
234 505 2
562 144 5
178 1322 5
1773 1090 1
296 1293 10
167 1814 3
699 713 1
284 1419 8
843 1657 2
975 1229 3
622 1593 8
1260 1489 5
162 1112 1
375 107 3
905 611 2
1393 182 10
387 1754 9
1957 586 5
641 1265 6
1693 1666 6
339 336 1
107 614 5
884 1389 5
523 1592 7
971 1927 7
1829 302 8
1225 417 4
955 1045 6
1284 1385 3
936 700 10
1818 133 9
1000 1575 8
153 1279 6
1802 196 6
332 1953 9
739 749 4
1874 1730 4
585 575 1
1135 481 1
1378 87 3
817 1265 3
1986 848 7
68 799 6
969 695 8
484 777 7
110 1484 8
484 1593 8
1278 1482 10
1868 1552 9
1000 1229 7
903 1377 5
529 282 10
1333 403 10
370 866 8
27 946 8
335 374 5
1630 238 6
816 1748 5
1727 988 8
1313 708 7
977 1638 1
586 1558 4
1938 1403 8
164 659 7
354 38 7
1906 741 7
749 1608 3
1369 1745 8
1721 1669 9
1367 994 3
1712 519 6
1573 1600 5
1576 1269 8
759 1660 8
1376 1951 8
67 957 6
266 1036 6
1421 716 7
1610 1914 9
263 1200 8
1452 781 8
1632 1838 9
1461 139 4
1368 1154 1
669 895 2
290 1530 4
405 1452 1
31 711 2
45 474 2
961 725 1
1976 947 9
1309 1090 2
136 1360 2
661 1445 3
302 1526 7
1939 1397 7
1237 1717 6
1763 1783 4
1919 1486 2
238 1240 1
1335 1211 1
1915 1533 6
166 9 1
1134 1186 7
721 1936 7
844 1181 10
334 1356 10
1121 1514 6
314 1659 1
396 436 6
1988 361 6
1630 532 10
236 1183 3
1453 1250 6
695 1921 3
514 1643 5
694 762 4
577 505 10
1718 261 10
1948 571 7
1544 1382 9
699 1757 6
1930 1955 3
1277 54 8
1797 644 7
567 1822 1
950 1034 2
1441 159 1
371 507 2
1558 1899 6
704 1978 4
167 853 2
1873 999 2
626 1193 6
1940 1028 8
1482 646 2
924 417 4
1463 1946 6
1530 1318 3
1638 1280 5
86 309 9
390 472 9
498 1474 5
359 1669 9
1804 468 8
279 418 2
256 1411 9
1901 149 9
1615 719 4
1845 710 9
1917 754 7
1008 1549 9
951 1394 5
594 273 6
480 914 2
686 374 3
1243 838 10
1976 1511 1
105 868 9
439 1178 2
288 50 2
1273 890 10
178 294 7
709 1745 5
1712 221 3
1221 215 6
1178 280 8
1890 1414 1
1279 1894 2
1400 1495 10
520 622 1
1955 48 4
1710 1305 2
1412 823 10
1689 406 8
1161 488 1
1236 437 7
1478 611 3
853 1333 9
1834 1995 9
675 998 1
1979 1734 5
1030 1224 4
532 206 2
1629 610 8
857 1250 6
493 825 9
641 534 2
1807 1828 8
1416 1815 6
1202 646 7
1251 1420 2
481 1089 5
1933 1607 2
1537 1279 7
1885 1777 3
497 1237 5
1403 591 9
460 1498 9
1054 1480 4
1276 1003 8
1279 173 3
317 1698 5
212 1079 7
332 1502 7
501 1854 10
629 920 1
1514 48 5
1339 1496 5
1793 366 4
1956 1954 8
1478 949 2
574 1216 6
209 765 7
1329 777 7
1655 834 9
1762 530 9
1420 1133 9
1907 1079 2
552 1168 9
1102 1169 7
1005 20 7
1131 244 6
1962 1587 9
1627 1744 7
1514 821 5
1940 1779 5
144 123 10
918 531 7
1237 1397 8
60 1097 7
1848 1172 9
1371 796 7
922 1873 5
1262 1530 7
1914 1317 6
3 1423 7
623 1418 6
860 1415 4
1049 1470 9
66 251 9
1486 1367 8
1279 1990 8
1994 1718 1
1425 75 1
937 709 4
483 422 4
1207 1516 9
1821 708 5
1024 912 6
179 1531 2
685 349 7
1764 887 2
1642 194 4
693 1985 6
461 1178 9
1875 1387 2
1784 1679 1
100 606 1
267 1134 2
1650 1712 2
1766 1556 9
1891 221 3
759 1513 3
810 1735 3
484 1778 5
384 1873 8
1070 831 1
270 428 8
749 483 5
1777 1750 1
497 1199 7
104 1800 4
167 1179 6
1811 1502 10
971 791 3
1642 756 4
1201 749 1
101 223 7
540 83 6
748 695 3
1355 292 7
765 1397 8
315 1749 2
1156 1143 7
728 941 7
1599 1046 7
1683 112 7
636 1333 2
195 1788 1
1299 1363 10
675 656 2
1545 1270 8
1122 206 4
1888 702 8
942 441 4
633 843 3
1269 1433 6
1007 1187 2
1485 1278 3
1360 1525 8
1800 1439 4
1744 338 2
1874 858 3
1128 654 10
1393 1210 6
1810 1506 8
543 517 9
1048 1071 7
470 1703 6
720 1616 1
396 547 8
1723 836 1
471 1152 1
817 1945 8
1007 1964 5
1352 174 5
420 177 4
1789 310 7
1169 196 6
268 152 3
1291 1191 6
1421 341 4
93 1935 6
1983 1131 1
1669 1637 3
1152 1356 10
312 1597 3
485 1936 5
94 636 6
1 333 4
637 1082 10
565 1289 2
1083 1633 3
525 518 4
691 555 5
1445 1758 6
1783 712 4
1986 1741 6
1041 1650 8
1853 1705 9
365 1095 2
1528 676 9
283 1271 9
319 580 3
1478 595 10
1837 251 8
416 1097 10
616 1678 3
1374 184 1
1127 1837 5
1894 1536 8
835 155 4
613 1574 8
945 1362 4
586 1563 8
1523 661 9
135 751 7
1585 557 8
1059 91 2
1676 1457 7
444 405 5
396 407 2
1589 318 6
1187 1800 7
1178 568 1
1848 130 10
1484 1150 5
859 395 8
1278 517 5
899 1040 9
1410 349 10
1975 1172 8
1090 284 6
854 1564 9
1714 1200 9
1805 902 10
857 73 10
873 1785 9
363 1551 10
637 811 10
993 1021 1
990 1442 7
454 1650 9
1207 448 6
906 1064 3
1802 996 8
492 1849 4
975 170 1
96 513 7
1226 144 1
1277 1841 5
756 97 10
524 1739 7
1756 1750 3
118 1026 6
1890 324 4
1840 1697 8
1884 296 5
758 550 4
636 1248 1
41 304 6
706 1350 2
422 558 8
1665 928 5
47 532 7
960 572 1
481 1881 1
576 1513 6
1558 1461 9
411 470 8
1420 874 1
1384 168 3
1300 1335 4
678 257 2
1461 389 5
1783 33 10
155 1403 3
1611 400 7
501 1888 6
652 537 2
1740 1010 2
478 43 4
187 1610 9
974 1725 3
486 522 3
748 38 10
836 1332 5
706 762 6
1380 878 7
552 286 1
648 306 7
487 1717 3
855 1939 5
1564 531 8
150 1084 2
1291 1368 4
1844 1889 4
98 1983 8
1420 536 4
269 498 10
424 1387 1
339 1294 8
504 190 9
585 812 5
1500 770 5
1741 235 4
1683 370 6
1827 982 1
487 1612 10
213 458 4
601 110 9
171 1556 6
68 712 4
1810 1868 10
1084 457 2
1357 1922 1
1100 1630 1
327 1005 9
1293 300 3
924 1285 2
109 1435 8
1453 629 10
1134 1522 10
1972 1425 1
1530 1351 6
1594 1032 8
454 1771 8
474 1176 7
172 946 3
1866 1867 5
340 969 1
411 31 4
27 1626 4
343 911 7
56 1698 4
1953 1654 6
1303 482 6
788 213 5
1292 378 6
361 1082 4
1552 1051 4
1204 1025 4
450 1550 6
1687 1231 5
119 777 2
1072 722 1
915 1834 4
1441 67 4
192 1464 4
1408 1032 7
420 487 7
1001 66 10
1469 1816 1
1742 633 5
1615 1095 2
1579 335 6
671 385 3
320 495 3
1299 1471 9
1627 95 1
135 1119 4
919 978 6
63 1524 7
336 559 6
741 276 4
1490 1405 9
435 672 10
766 182 7
907 214 5
955 99 7
1914 756 2
1817 10 1
1873 676 8
1895 1622 6
52 927 2
893 273 3
455 366 7
825 673 6
1133 1160 6
532 961 9
1997 1524 10
1976 671 4
49 103 9
1003 762 7
979 566 10
896 470 6
711 762 3
815 85 8
832 256 4
330 1934 5
1243 1571 5
195 314 8
1095 513 7
1000 1485 8
911 1033 1
1518 1897 8
735 1209 6
366 1398 7
385 303 8
1787 151 5
770 1542 10
1117 1061 5
909 781 6
283 881 10
629 1140 3
113 17 10
661 130 10
430 1349 2
976 1874 6
1360 1899 4
726 1839 9
1049 1890 4
720 759 8
1764 1213 8
766 1287 8
245 1309 7
78 38 4
958 273 8
1861 979 7
1171 1225 9
665 804 9
1039 209 3
1755 704 1
1958 691 9
1221 566 4
149 1320 2
1613 154 5
1927 238 10
1923 196 7
763 1271 7
1092 1546 4
78 767 3
1763 679 6
162 418 8
1353 668 2
1443 1741 4
1321 1451 1
1553 1363 7
653 946 3
674 425 2
6 1302 6
808 847 5
1599 1138 2
126 1324 6
1052 1396 9
400 263 2
368 278 4
1717 678 5
664 1898 5
463 132 9
1663 1519 4
1154 1713 7
1014 1701 9
1882 1229 9
897 1720 4
1410 738 5
1289 516 10
1710 1850 7
1233 1080 8
33 1818 1
1991 542 5
1186 9 9
1123 1007 6
585 174 8
1231 174 6
1056 1408 8
601 527 8
450 38 5
917 362 3
161 363 6
818 1606 10
583 1867 6
1047 726 8
174 641 10
1043 249 2
855 718 6
1939 800 9
248 1930 8
740 1008 4
257 1710 7
761 375 3
1713 105 4
81 809 8
920 908 4
377 1830 4
1521 551 6
75 218 6
531 753 10
1141 1250 2
888 1355 6
281 1105 3
876 70 8
1086 1875 8
1498 711 3
1989 202 4
432 847 3
1234 69 3
1459 472 10
1017 1684 2
1535 452 2
1048 342 1
1328 1470 1
1139 1786 10
778 1106 8
1112 1873 9
1203 1322 8
789 1646 7
980 1712 1
630 700 1
1336 1111 1
1055 224 2
679 718 9
1200 553 6
518 1666 6
907 1356 3
1601 1201 5
1112 56 10
1281 637 10
579 1728 7
1792 1748 6
755 1700 9
1976 392 7
1017 187 9
1368 1390 6
400 1529 1
774 1073 9
85 122 3
310 671 3
1603 1614 8
1702 483 3
472 1903 8
1266 589 9
1987 408 2
74 1722 3
13 1151 10
818 1363 10
1611 387 6
1724 398 7
1259 1873 2
901 67 9
219 1170 8
1600 52 4
320 577 7
592 1225 10
1534 337 5
476 1786 4
1499 119 10
1105 1942 2
11 501 4
1759 373 4
691 1310 10
493 664 1
1850 652 2
845 1434 5
1809 312 8
655 810 2
783 1822 9
1131 624 5
270 984 7
861 1031 9
1164 1439 2
972 1912 6
697 1051 9
1842 839 1
1674 1116 7
339 954 2
954 166 4
43 2000 9
1851 1426 10
1069 1822 8
300 525 8
1767 480 7
381 695 2
1544 463 2
1477 1998 7
1375 1029 3
1387 1738 10
1781 1910 7
406 1973 1
558 1692 5
1833 1633 9
130 910 5
1206 832 2
1533 916 9
1575 1460 6
609 1064 5
955 802 5
475 574 5
528 405 3
1817 1436 4
975 1403 8
513 417 9
38 965 5
285 1996 1
443 1834 8
1565 323 4
836 873 10
1263 1971 10
1427 721 1
891 316 10
1231 1906 6
1651 562 7
76 612 4
1835 403 4
1136 1739 8
1676 1050 9
1114 759 7
128 490 3
555 1541 9
1784 17 10
1378 1703 5
1411 36 10
391 1537 9
144 1574 3
1066 519 5
487 1148 2
1198 1994 9
447 252 8
1528 1430 9
817 1993 1
675 216 4
553 1419 3
1733 1606 6
1779 950 9
1822 1567 9
1345 580 8
1577 1158 9
546 808 6
1963 1562 3
703 726 6
1514 1315 9
371 391 2
774 1844 8
109 412 7
735 1144 1
381 1010 1
321 1704 3
1617 1664 3
1082 1746 5
682 206 7
932 1215 1
1431 317 1
537 1713 8
124 427 7
1797 1233 1
747 92 5
1274 985 4
1648 16 8
421 1355 4
1809 1303 6
1138 479 8
631 875 3
329 1850 8
1456 1647 9
1635 1112 5
23 143 2
1003 1362 5
1671 1137 9
1427 1810 4
1293 1691 7
755 1390 3
1306 1892 5
1003 1318 3
792 969 5
806 298 6
893 1525 6
534 1796 1
122 609 2
1027 1198 6
1079 89 5
1041 1701 5
396 845 9
1336 571 4
796 1346 7
1778 326 10
970 1695 3
1236 308 5
1518 613 8
1819 1900 9
431 1748 2
1497 1333 4
1678 830 8
1825 1369 3
365 399 2
1939 1924 8
1083 1263 4
729 262 10
1170 1149 7
314 1488 9
134 1847 10
684 632 4
1490 220 10
1978 1495 5
1424 1489 2
825 746 1
959 428 8
1470 1891 2
701 1056 3
1606 1262 7
311 1266 8
1969 1263 1
2 704 4
1070 1379 9
100 1749 5
1061 1685 7
431 1204 5
1564 387 6
1189 989 8
995 1083 7
182 334 2
1726 1723 1
1392 1845 1
1389 934 9
323 975 1
1867 204 3
612 1897 9
1562 1128 10
1601 365 7
1870 909 7
1709 1380 5
198 1027 6
953 618 9
230 1406 3
1629 1819 5
953 675 9
1384 518 7
1817 957 4
1027 337 2
528 1112 1
1515 806 9
1732 952 5
674 634 8
53 1927 7
1424 1409 10
690 724 8
1025 1111 9
1805 515 2
1787 1254 10
1371 256 4
717 568 5
929 758 6
366 1562 10
1172 792 5
619 1325 3
265 1742 9
633 861 2
286 235 1
555 1417 1
436 1696 5
520 109 10
1828 834 1
1534 703 3
690 1049 5
861 1887 8
364 1460 4
1818 153 5
1008 1222 10
741 1632 6
1762 696 5
1383 109 7
1081 1596 8
702 921 4
913 365 10
240 157 10
621 1363 10
1342 1625 2
258 742 4
771 772 9
398 960 9
1584 1583 10
881 1950 3
1795 363 1
1202 934 6
1485 265 4
1000 524 6
293 1635 6
1512 1114 9
716 263 9
206 1877 7
152 926 5
1004 280 1
890 1281 7
391 1648 9
1890 717 5
1962 1799 6
509 357 9
362 1365 4
1566 590 8
1427 1759 7
1095 673 10
1238 1207 4
1700 1603 5
1741 73 8
76 1552 8
1651 545 10
1945 247 3
1575 1430 10
841 811 1
1905 827 7
1565 1385 7
1249 332 5
1010 893 5
730 397 10
130 834 5
1966 233 4
1475 62 8
697 1275 8
476 612 2
1740 907 3
1266 804 10
972 966 10
1100 1744 5
772 614 9
1075 31 8
1777 968 1
1721 1121 3
7 1924 4
1965 204 8
388 1709 3
413 1497 10
506 1767 8
23 1234 2
1011 1385 8
1634 212 8
268 1519 1
1491 1593 4
785 1782 6
809 821 4
1955 220 7
948 1186 5
172 935 6
119 1389 3
1117 1884 4
1203 1309 3
1813 556 5
1409 957 6
1175 973 5
295 132 4
1133 1440 9
949 1391 9
11 6 10
1274 159 8
744 235 2
1147 1087 2
232 1521 1
714 1019 10
118 1084 4
1527 1373 9
416 178 2
1144 919 8
44 965 9
1730 1161 7
852 914 10
1377 1861 1
363 782 1
757 1666 7
661 1520 5
406 1617 7
699 1603 3
29 1732 1
882 1948 7
255 476 10
1510 1076 1
1280 644 2
1059 1212 10
165 553 2
113 1393 1
577 967 5
1061 209 1
592 1961 9
1260 587 9
1031 101 10
1476 1675 2
474 170 3
89 858 10
540 863 10
645 1548 3
528 1016 2
1354 287 1
931 1757 1
1033 703 5
1533 1128 3
1671 532 1
1339 1195 10
1434 805 10
1942 1990 6
724 1381 8
1439 820 1
1738 877 8
1038 338 10
1420 635 4
897 1877 3
1019 544 10
848 1227 1
652 1592 1
1801 1729 6
93 105 5
418 39 2
428 1408 5
336 50 2
90 1924 6
976 1449 8
1728 194 1
13 725 2
600 674 9
473 332 7
660 1347 10
1286 1973 5
1273 818 5
809 1610 10
357 861 4
1912 890 10
1099 1547 3
1527 1158 9
1791 1354 2
1371 1937 2
193 1529 6
1250 304 3
1522 516 8
1115 848 5
1458 1795 5
1426 1029 1
1377 1509 5
46 685 1
1697 356 7
1408 988 6
684 273 8
327 1780 5
1332 651 9
1621 1753 8
1644 396 7
380 873 6
1398 1578 3
1573 1272 7
798 652 9
124 865 10
1774 1066 4
518 1278 7
1001 945 2
1297 1019 2
35 65 3
1525 933 2
1802 542 4
1812 1500 10
1065 1945 1
1945 1024 10
272 1627 10
847 1783 8
1128 1771 4
1699 871 4
902 736 10
1757 1844 9
1738 1019 2
1751 624 7
1252 59 1
633 1932 4
903 548 5
1947 734 5
1336 1565 1
1847 1724 4
107 525 6
546 1282 6
1522 831 4
479 1182 2
1394 740 7
1496 413 8
324 348 8
1100 1798 3
393 309 3
1517 1365 8
1965 553 1
1839 357 6
1414 58 3
1489 1378 1
1916 941 10
1856 1735 10
1196 776 6
668 887 3
254 1543 5
248 604 4
228 1000 8
1623 87 6
38 260 4
1447 80 8
352 1769 6
1147 1833 8
1103 1943 10
554 1481 2
553 623 4
738 1085 1
1956 331 1
378 882 6
1099 1779 4
435 1256 7
615 787 1
1144 307 4
1708 310 4
834 681 7
1300 412 8
853 795 10
1962 1989 9
551 1900 8
305 1973 7
1130 649 4
530 1368 6
1640 1702 8
1778 605 9
1615 438 1
1811 1740 6
387 547 5
1803 147 7
709 646 8
768 574 8
1631 203 3
972 1416 9
460 97 2
5 211 8
895 961 4
1294 747 2
999 507 9
1639 41 1
1406 380 4
49 640 5
1103 890 9
116 826 5
311 1882 4
1797 98 8
422 103 3
111 598 8
1620 863 3
1761 540 6
125 1158 5
1365 417 4
1694 428 3
1711 403 4
1942 1751 8
293 1545 4
305 92 6
1090 1150 9
1652 410 4
606 338 6
6 1685 5
408 1001 6
441 1845 2
257 1206 8
1925 947 7
620 378 8
798 257 8
974 1408 10
469 83 10
472 1261 6
781 984 2
1185 1585 2
719 1658 1
1015 1009 7
745 1756 6
1760 1177 7
1412 5 5
1803 250 5
730 1645 1
1477 1153 3
1840 593 6
1443 1633 8
20 1418 8
972 1000 9
1441 1600 9
1183 1513 5
1459 1517 8
287 1270 6
1569 390 6
396 1134 1
56 691 8
1238 1514 5
311 1512 2
366 298 8
1663 20 9
626 314 6
710 1494 6
1800 1909 9
1337 293 7
1966 117 1
1803 1360 8
865 1427 8
1875 1659 8
1593 420 4
1861 1016 3
1714 110 8
512 1515 5
1546 359 7
1868 1467 10
1350 511 4
984 1526 10
934 615 9
1226 274 8
938 268 8
535 1145 1
551 1373 9
502 1548 10
1118 1023 5
1712 1835 8
389 1433 5
60 1584 9
1865 1667 10
164 185 3
327 143 9
1527 89 8
1324 1384 2
1709 740 7
627 1181 3
1991 1703 4
284 1203 9
431 767 6
1032 424 10
116 1301 1
1482 1100 9
944 1121 9
1289 1549 9
1236 6 2
577 1214 5
104 935 5
62 1787 6
61 98 10
107 879 10
1344 83 7
717 993 6
1076 1416 6
1723 527 5
1466 1018 2
377 767 8
1350 1516 10
499 192 8
93 1654 10
1161 953 10
1090 361 6
37 142 10
192 1354 7
1327 524 3
316 146 7
1229 1484 9
1513 1862 8
339 1828 3
1712 1968 1
1429 273 2
242 813 8
1165 1301 6
167 763 7
713 1778 5
864 1866 6
686 927 2
589 1695 4
875 244 8
1862 1378 9
1793 911 8
507 336 6
937 386 7
956 1231 9
681 1922 9
1717 1492 10
141 1519 6
1975 1091 4
1699 1284 9
1184 1104 8
167 1369 3
851 1635 9
401 361 7
167 1177 8
343 336 10
42 395 6
339 837 7
115 1441 1
706 579 2
1387 262 1
519 406 7
419 698 4
1059 1026 8
586 1565 9
1879 1303 7
1867 69 6
250 699 5
1141 1148 9
1642 566 3
327 1448 8
1883 1182 1
102 1614 9
1838 1129 2
1211 427 7
1274 1524 6
119 1181 6
1561 1277 9
121 727 5
906 1893 5
808 883 10
740 1792 3
1371 1418 9
1459 844 3
1894 238 3
1418 1359 1
578 1581 1
1593 192 3
1712 1472 3
26 1761 9
958 529 4
125 1949 6
512 1395 4
1562 604 2
1402 166 3
299 1081 6
188 932 4
926 1340 1
39 374 1
211 622 9
1601 1858 9
468 1682 4
1541 488 2
716 1533 3
592 1787 6
1004 1528 7
1722 317 1
1410 1939 2
1590 514 9
718 697 3
1739 1734 5
1254 1065 9
1558 855 8
470 759 5
1847 1284 7
1948 460 7
725 504 2
1519 496 6
1765 1187 7
1093 1243 1
842 1731 2
958 1108 6
1794 1568 10
840 350 6
616 1888 1
487 1805 10
851 249 2
1397 1808 4
826 1388 8
1393 422 1
1869 773 10
146 1425 1
37 1342 2
183 169 1
310 243 4
1273 1837 6
1062 1105 6
1671 1913 4
1397 307 2
457 28 4
761 1037 7
1798 1733 1
1898 1331 2
858 804 8
1302 115 10
874 1770 3
189 1246 7
1362 971 8
278 1836 2
1717 1935 4
1680 1655 5
1044 608 9
1936 928 5
788 1014 5
141 1614 9
329 1114 2
1952 445 1
514 1649 1
1456 1582 8
849 131 1
1397 969 9
80 713 10
237 1579 2
358 416 3
1776 1703 5
1475 78 4
1643 1829 10
1364 305 2
1407 1357 6
1646 257 6
169 285 5
1918 751 4
1091 223 10
474 952 1
1962 1986 2
1933 714 10
788 539 7
1025 1447 3
732 649 2
1167 1302 7
906 245 2
989 626 5
46 1428 4
1280 1032 2
1277 954 10
1327 191 5
1567 1470 1
1319 376 8
1026 944 7
1645 1979 4
1686 1911 8
1395 542 1
551 398 9
1387 1726 1
455 107 6
1167 1435 10
1759 515 10
90 444 10
1609 452 3
1122 1127 6
838 1324 3
1776 1183 2
1707 863 2
1769 1856 1
930 1738 6
11 1042 2
473 85 10
1523 157 9
699 1728 1
1213 1120 8
165 1834 7
727 1568 6
455 1511 5
1455 400 3
484 1666 7
1442 1020 9
1699 1184 8
1352 354 8
657 1007 6
1469 887 8
887 9 4
1533 429 2
1087 1174 7
1594 77 2
71 1539 5
1705 1029 4
1562 426 8
1539 458 5
1293 936 3
848 1929 4
1567 1984 9
531 1838 7
425 235 2
355 1017 1
1639 1195 1
669 937 3
1011 1884 7
93 710 1
1804 55 2
747 384 3
1742 565 1
1911 1636 4
528 1669 1
354 646 2
1848 148 4
312 1082 10
1631 886 1
780 728 2
178 760 2
1723 641 1
1239 1752 9
662 855 7
1690 1403 5
93 1846 5
683 746 6
1818 290 8
297 551 1
797 1477 2
218 870 5
1822 1293 3
729 38 10
1248 331 8
1912 1280 2
1906 556 7
468 330 8
1271 783 1
504 1076 4
621 1222 2
249 1302 2
1099 1781 1
974 1414 1
1683 663 1
1997 506 3
1718 1212 10
1654 1175 5
486 1977 10
69 1699 2
1211 706 8
572 1554 10
692 462 7
606 1614 5
180 1102 9
1245 551 5
360 922 8
1640 1250 2
1294 1727 8
1911 76 8
1830 176 5
1598 1886 1
1170 381 6
1974 682 9
485 643 1
1297 1723 3
97 1816 8
1840 229 1
984 859 1
1616 1176 9
236 990 2
1011 1552 6
724 44 5
781 686 7
1575 1970 9
916 467 3
1006 610 1
1194 1363 6
852 599 1
390 1210 2
978 588 2
1489 182 4
1470 1741 10
1653 396 10
1154 1288 5
290 1501 3
1888 1557 7
1097 164 6
1034 630 3
1081 1425 7
1953 1706 5
1456 1898 6
375 1267 9
1742 762 2
1694 233 1
580 241 6
774 1813 10
1679 1609 5
126 445 6
258 717 3
679 451 2
1810 1578 2
1805 242 1
1312 901 3
57 1988 5
1278 142 7
1073 1610 10
1290 563 1
522 1176 5
206 898 5
732 184 8
543 358 8
1259 1395 5
1284 404 3
753 1583 9
1419 89 9
1367 320 1
1383 884 8
1179 1900 1
685 708 3
1399 1557 3
1773 673 1
1963 349 9
1013 1033 7
1015 1043 10
1307 579 9
227 700 8
827 329 1
1548 1258 5
615 1835 4
1645 832 10
858 506 8
1787 379 1
1672 1750 3
1827 1902 2
1315 60 6
727 32 2
67 1689 8
536 1362 10
857 392 10
1009 1418 5
1215 1588 9
103 376 4
1768 1282 10
1611 69 4
1994 1377 5
1509 1898 7
1182 57 2
1671 1699 2
522 64 8
1469 140 6
864 359 4
1895 344 9
454 1997 8
972 1572 9
1472 1181 7
298 12 8
1045 1355 8
1638 557 6
1973 1760 8
740 1127 2
847 376 2
1473 1262 6
1813 541 2
141 267 6
331 984 3
1028 1268 9
574 560 10
1719 707 8
444 986 4
31 1395 7
363 1287 10
858 318 3
1306 5 5
845 137 4
235 73 5
971 1393 10
57 989 3
1411 1265 1
1362 238 5
159 865 8
1085 1544 3
317 602 2
1866 960 6
1619 1918 2
1844 1990 8
1513 767 2
564 1793 3
81 582 6
1552 1077 5
748 1095 8
713 1769 2
1139 1161 1
1115 1664 1
193 1989 8
1112 869 7
1197 1143 4
974 762 4
1119 1602 5
1739 76 6
100 758 10
621 19 4
1861 533 2
796 825 4
366 1269 10
1988 399 3
1283 1465 3
949 260 8
154 945 5
1085 1607 8
1440 487 7
1252 1203 8
207 564 10
1251 1159 3
646 1020 10
416 575 4
1765 1822 6
547 1485 7
1550 722 2
269 317 6
1746 54 1
1613 416 9
1347 1296 6
1184 1283 6
968 513 10
727 1353 1
1137 1453 9
1605 513 10
1472 1602 1
1682 1733 7
1499 1802 10
755 540 4
211 1880 6
1866 1424 10
1392 1180 10
296 1076 4
1866 1551 3
1650 975 8
1202 739 7
1419 1215 9
1091 650 10
127 1284 6
1386 1045 7
1542 1702 7
1369 1121 8
1302 1101 3
741 779 1
1693 1939 1
1272 1632 4
1654 789 7
703 1273 5
1410 126 9
1125 428 1
1875 988 8
600 992 8
892 1688 10
1347 1258 9
563 1416 1
