5000 5000
10000
4361 7855
4015 5867
1898 9838
140 6076
2581 9400
2877 6795
4694 9437
4180 8123
1117 6827
3918 5243
4593 5921
1606 8554
1404 9615
2374 8595
2185 7746
1500 5906
4190 5639
4436 5171
3848 6381
2738 6732
2542 6314
4632 9011
3524 8627
3302 5947
2327 7174
3994 8591
1871 7885
2103 5302
3520 7953
2774 9728
2812 7046
614 6516
434 9351
2296 6110
959 7891
1498 5317
2473 6920
37 8064
1165 5120
3770 6270
386 9259
2463 9318
3912 7640
2959 5306
126 9877
2481 9739
559 5567
2881 6556
4742 7650
3668 9198
2681 5379
119 5796
1547 5718
540 8638
1074 5840
3516 8781
3936 7168
411 6592
2337 9069
3474 8202
1864 8060
2775 6760
2329 8134
25 6482
936 7003
669 8014
3123 8552
4999 7357
2013 6747
2858 5307
3208 9102
1366 9966
3798 9668
3133 8073
1772 5412
96 9533
1877 9435
1318 7192
3367 6251
3157 9899
3684 5697
71 6570
3109 8692
3992 7657
2266 7774
3173 8021
540 7358
4512 5037
1749 9033
4645 9446
767 7703
1877 7205
2942 8256
1143 8841
2356 7369
3514 9044
2146 9434
3058 5210
1747 5686
956 9874
2199 6448
994 8082
1551 9263
897 9555
1594 8296
2455 7395
3110 8140
1307 6717
1433 8995
816 5244
3931 5707
2956 6839
180 5537
2927 7891
1700 8304
1935 8173
4413 5493
2896 5570
2809 8004
3984 7233
1978 8552
419 6850
4112 6130
2860 6385
3085 7788
4854 9142
1740 8565
4166 9602
4294 7398
2929 8978
1006 9570
3671 8809
4824 8128
326 7983
3162 5735
309 6297
2770 8966
2552 5083
4707 9683
3722 7004
227 6493
4446 7999
15 6893
738 7033
4694 5587
1702 8710
261 9522
15 8963
2940 6039
1150 8424
2806 6176
1631 8582
3773 7445
835 6534
3166 7862
2661 7261
3228 6710
373 8909
3740 5246
1785 7010
3637 5973
461 8297
898 9222
4573 6920
2998 7297
2083 7011
3907 5568
1648 5031
4586 9702
4889 8326
4466 9126
2465 9947
2060 9759
2051 5270
2350 6404
3787 8936
4221 8542
2468 7108
4717 8743
4524 7853
2184 7464
1443 7861
2510 6290
4870 9508
3436 5672
1094 7716
1180 8628
3653 8002
4099 5812
3651 6247
77 9047
2394 7313
3124 6593
2578 6532
1476 9692
3139 5462
2498 9467
3368 5159
4827 9438
2128 5168
3350 5138
2261 7218
1176 8296
2135 7980
3958 7382
2054 5236
1810 7624
127 7889
1792 9404
1122 6470
533 9699
181 5915
2726 7979
1303 5031
2096 5791
3167 6661
899 9937
1237 7939
1929 8276
4986 5066
452 6809
2851 9714
2967 9376
2627 9868
1200 8472
4491 6298
996 5261
4208 5243
981 7475
1363 6372
122 5673
1017 5914
1076 8732
2233 7843
4215 7358
3290 5508
1223 5672
3154 9576
2557 7071
627 9607
211 9104
3324 8156
4952 8706
3520 6073
882 5817
2049 7226
3394 9425
363 9957
492 9931
978 9575
1107 7261
3434 6219
4664 9952
2298 8229
4114 8630
3625 8873
2071 7339
2615 6543
3434 8443
401 5366
44 7340
2183 7164
3628 6938
3138 6194
2687 5666
3915 5498
3750 9897
3311 9491
1560 8831
3585 7823
116 9265
2695 7091
2999 5468
1966 9733
1747 6093
4811 5765
561 5894
4761 6175
3393 6022
1966 5267
4741 9787
1447 6774
746 5060
1957 7369
762 7948
455 7752
719 9970
1986 5709
2671 9350
3709 9006
3203 9745
3933 6186
3805 5576
769 8698
864 9399
4536 8525
2918 9116
2345 9598
2205 5294
2957 5434
2693 8690
2703 5136
693 7261
573 6147
3102 8997
1963 8294
4777 6568
1566 8715
1191 7512
1386 9783
2942 8227
2178 6433
675 5375
1110 7621
1053 6922
220 5952
3474 7778
4213 7508
4768 6045
284 9626
2903 5500
2013 5152
3777 6999
4490 7772
4553 9598
1460 8394
1922 5780
1650 6245
2554 7116
1415 9088
3633 6708
1685 8200
4200 6074
2235 9709
1423 5288
733 7627
1149 9843
3236 9933
4299 6744
2082 5641
650 9140
1339 8865
2698 8421
3770 9148
2265 8683
4969 5614
4824 7294
1783 5270
4229 9711
934 8085
2941 5598
879 7852
2220 9724
2490 5094
4481 8009
2971 6235
1319 8666
3316 5342
882 6776
3384 7787
1402 9248
1278 9294
1361 7729
3471 8468
4861 9472
4674 6747
4947 9396
1441 9830
1373 7038
2654 7883
1611 5102
94 6572
3714 7489
3370 8345
2096 5493
878 9302
2548 6849
2977 7910
2873 8560
2346 6197
4658 6031
4520 8401
4950 5476
4711 5363
4082 6736
2161 5774
1900 6679
228 6962
3011 6127
1770 8256
4698 6813
4277 5031
3273 5047
2758 7403
3940 9507
1178 7823
3239 6325
4931 8354
1448 5824
497 7751
904 9693
3012 6353
3608 8547
1931 7439
2903 7286
1087 9308
991 7086
1222 5460
4241 7304
3287 6289
2811 6538
754 8962
4675 7600
1954 8297
94 5550
198 8471
4644 5943
2540 6668
1970 7924
1178 9093
169 7434
708 8864
4362 8742
3113 5045
2897 5322
453 9022
1926 6029
2388 6879
1091 5944
249 7892
1478 7128
3581 9016
1327 8692
1525 5910
127 6733
540 7339
3123 6459
1444 9378
2355 8401
1315 7950
3845 8516
1403 5718
2627 8407
1491 6664
798 7819
2070 5285
2266 6406
2314 7956
332 10000
4069 8122
4309 5028
1119 8025
2479 9730
2195 8242
1071 9928
74 8002
4054 5455
4355 6710
3068 7636
2442 6198
2925 7403
1607 9481
4005 9021
3488 5193
4514 5927
3761 9321
3271 7530
87 8178
819 6270
1495 9354
1118 8159
2979 8700
405 5566
441 7200
2264 5802
679 7887
3225 9109
3677 7353
4490 7981
2021 6374
2348 8149
1892 5840
1359 7164
1995 5622
4594 9023
4816 9877
3694 8504
3867 7994
2799 7111
765 7666
1987 6293
3028 8020
1814 5600
3721 5011
1882 6629
1388 8454
4153 7621
4778 6231
3919 6617
254 7635
702 5262
4384 8222
798 8622
2711 9158
1538 7091
4340 5592
939 7385
15 9487
2899 9899
4 6293
3979 6502
3964 5235
454 9992
1696 8189
1108 6188
387 5350
3671 5734
3993 5522
994 5443
4144 6141
2605 9810
3281 6293
3114 5965
3840 9361
1314 8500
3271 5169
3642 9036
3102 9765
822 9673
798 6802
2051 5082
2092 5411
994 8947
3599 7759
3577 9797
1585 6000
1774 8385
4848 9673
724 5920
392 8916
3070 7911
4418 7134
1248 5946
4137 7844
1929 6867
3516 8414
2131 6401
4471 5561
2420 9907
98 7101
4941 6399
3682 7244
4679 7447
665 6531
1534 6465
3529 7575
2653 5046
1348 6952
339 5332
1537 7113
1383 9317
1099 5793
1676 7620
4450 6287
838 5735
888 6714
1906 6625
2308 5969
2017 5563
1001 5295
1795 8645
2093 7131
3795 6035
1679 9362
3004 5866
3119 6841
3778 8592
1242 8840
1958 8182
869 6107
2228 6712
4335 7271
3073 6333
2375 8864
4690 5879
3695 9352
4860 8060
3848 7070
2560 5300
1635 6252
4210 8882
1909 7559
4011 7808
2634 6993
3880 5961
4312 6264
4578 5432
4441 9973
134 9894
3671 9124
519 5718
1827 5478
3167 9564
1705 9983
4254 5065
686 8324
2383 8942
3294 9638
3779 8706
2313 8691
496 8863
459 7071
3868 7429
3917 8455
3680 7087
1902 8000
1752 6331
4143 8495
4243 9964
3574 8780
3732 6452
3193 6227
2181 9996
759 7767
1427 9906
1239 7145
4676 8689
4305 9133
1651 6803
3526 8176
3431 7892
3390 7420
4713 5537
314 8567
3181 8507
3826 9012
2928 9245
3319 7507
2552 8568
537 5135
3052 8944
2326 5900
3364 8390
4097 6707
3076 6626
3617 6464
769 6337
2441 8876
3099 7362
3821 6008
1888 6263
2548 6054
3961 6347
3961 8038
4094 9789
3311 5426
2530 9574
390 9042
4945 7701
2197 9317
4048 5311
834 8085
915 5486
4041 7766
3233 8421
4313 6802
1640 8539
3054 8712
2708 9481
4926 8467
2356 6046
2947 9886
2891 5861
3494 8651
691 5989
2207 9342
1921 7759
4257 5644
4092 9757
4665 6318
3349 5823
1068 5079
400 8790
3620 6731
1339 6479
483 6100
4199 5869
168 6448
1964 6061
2387 9189
3645 5357
4246 5572
3602 6550
1251 8140
2696 9726
1130 8051
2056 8291
1731 7525
4778 6433
2207 8562
1853 8567
254 5333
1769 6046
2682 7209
1913 9605
775 6874
3792 8143
4971 8662
3550 8999
4102 7471
1859 6405
3384 8766
1951 5270
1805 8148
2650 8799
2925 5700
3504 8784
4590 8535
4735 8815
3196 5371
3279 7254
2058 9058
3862 7727
4820 5695
2838 8903
2493 8347
3286 6763
3071 8949
1444 5887
275 5792
3169 5671
1582 9140
1794 7831
3259 8060
4259 6059
2876 5451
2330 9594
1794 7771
3857 6234
1405 5979
4239 5637
3460 8694
3568 6677
4056 9018
2803 8411
2612 8087
3018 8504
1203 8052
111 8748
3460 5808
1879 9366
3183 6349
1326 5822
4283 7745
2837 8814
1080 9118
1365 5808
2257 9551
3680 7489
1797 7779
3568 8640
2955 8047
2346 8228
1879 5801
828 9502
792 7285
207 5746
691 7188
1961 6461
4101 5185
516 9814
1772 5833
744 9029
3659 8242
982 5831
3417 8541
4008 9582
1495 5423
1558 6195
1130 6900
4804 5347
3298 8075
3116 7375
2431 9696
3526 7922
3307 5236
4051 6263
3395 8180
2406 8446
4095 6713
811 8482
593 6348
1042 8346
4297 5953
3918 5509
4018 8986
3469 9013
4552 6694
3722 5544
3254 7674
1927 8063
3510 5570
2801 5763
2841 6803
12 9504
3113 8455
4656 8147
4034 8517
3068 7422
3783 7621
1151 9595
2755 5169
1794 5183
1829 8557
3683 8427
3205 8936
783 8193
2898 7488
4002 9753
4212 6413
4093 5223
4562 8778
2329 6357
124 9151
2282 7151
1266 5731
1863 9700
609 7548
664 7047
2205 9607
3512 5186
2953 5531
3375 6233
1586 5285
148 5355
2160 7855
2420 9341
1836 5731
4961 8424
4487 5805
4856 5285
757 9390
31 9834
64 9945
2224 7858
4587 8727
2198 7936
1973 9445
4712 6950
2700 6404
1581 8456
1171 6638
4909 5035
2240 7058
2672 5939
4843 9021
1111 6399
1438 9418
1990 5069
1265 8692
2852 5707
3986 9434
3455 9491
3860 6354
3251 5001
1727 5466
1500 9054
2071 7113
3268 9480
3504 8937
4095 7579
2229 5056
4054 6373
843 9952
3953 7831
2597 6155
2384 9113
3167 5881
2330 5067
3612 7292
755 6202
2566 8009
4122 6375
953 6129
455 8121
3458 5318
3326 9463
3412 8840
4431 7292
519 6547
3610 6630
3542 5117
2615 9892
4538 8254
4839 6910
2652 6860
1564 7855
1943 5213
4932 9811
4224 5407
3753 9803
2441 7641
1133 5551
3186 5260
2722 8200
3515 9801
2788 7811
2787 8647
3850 8974
2324 6518
950 8022
3241 6274
2932 9341
3086 7933
2105 6104
4217 8512
2910 5598
1186 6662
2260 8534
466 5351
4600 9270
1100 6107
138 9150
1448 7544
3747 8689
4408 5836
2689 7158
1821 8312
293 8955
4365 9353
2804 8216
4575 5693
2594 7957
1324 6877
300 7908
624 8503
3400 9186
4197 9837
380 9511
3823 8585
1056 8420
774 8435
284 7316
2612 8058
648 5822
250 9826
4914 7691
518 7186
128 7887
3939 6924
505 6315
2950 5510
841 9052
3072 6845
1802 6752
2987 9580
532 7116
3875 8685
3683 9761
2048 7503
1787 5034
3942 6480
1022 6548
1246 8510
1941 7905
4701 5081
3166 5115
2462 8792
200 8433
4625 9970
3537 5185
4929 5399
4091 8969
3263 8656
3440 8125
2314 9562
182 8951
1122 6521
3590 7864
3030 8902
2991 8371
3804 8415
514 5995
1752 6559
4637 5976
326 9828
3104 7603
1738 9416
4340 8089
864 9307
4674 9485
2713 7348
68 6169
3875 5512
2594 8536
3920 5438
1481 5322
4720 9809
2256 7820
4782 7750
4921 5613
2214 5066
2892 9193
1633 5044
153 5212
83 7668
1165 5191
2045 5858
3225 5646
4471 7044
1131 5877
1959 5757
4530 6283
1587 6773
456 9369
1812 7572
373 7988
203 6954
2718 6705
1182 5057
1891 7356
326 7991
2510 8865
3374 7759
2304 9691
4861 8346
4006 7926
1481 5708
3933 8832
4477 8810
2088 9019
1584 5906
4277 5519
3751 7724
3266 8748
2082 8580
1014 5313
1300 5278
2664 6771
4227 9680
649 7972
1903 8771
3695 6498
4927 5599
762 6075
4988 6219
1524 6822
2077 5255
2649 5735
2073 5732
4509 6239
3699 6971
1887 8885
2582 7063
2244 9426
4170 6662
4488 5058
74 7201
648 9999
1998 9331
4509 7764
3529 8694
4789 5385
4002 7147
2736 6990
1710 6244
4630 6147
466 5397
371 9937
1351 5609
2518 6872
2893 8630
60 8171
2861 8455
545 8026
1364 9623
812 6805
388 9224
1105 9736
580 5553
680 5220
1990 6698
2006 5045
4804 5398
3356 6204
1999 7667
1709 9454
1325 8773
4334 8437
3217 6544
1777 5469
372 9217
4062 8858
104 8866
4113 6162
4236 7074
2499 5647
2048 9998
2390 8194
4649 6306
865 6734
4468 6781
2687 7680
2104 5962
474 5301
1384 6342
4058 5191
553 9295
4235 7409
4419 9509
476 8614
2938 7311
2267 5151
2011 8071
2961 7940
572 6919
3790 7280
835 9604
108 9911
1876 6006
2208 8205
1728 9982
681 9678
710 8082
3796 7748
1470 6056
2816 6084
1708 5995
4573 9800
1915 8779
3548 5652
3854 6893
569 9392
1424 8037
3667 8212
3001 6241
3175 7897
2302 5167
4564 7333
3077 7143
4567 5325
1914 5874
402 9799
3790 5865
1691 6090
2442 9330
4100 9045
3797 6821
3723 6366
1178 7718
1840 9830
701 5874
1801 5281
359 5138
3678 5092
1309 9437
4827 9962
3464 6558
2456 9499
3589 6836
4292 5184
1476 9289
831 5827
4412 8099
622 7777
3067 7512
3885 6626
2776 9373
917 6720
4803 8893
4906 8626
4179 5440
2156 5992
1914 7673
748 7534
4429 7584
4020 5275
4090 9367
2246 6977
4673 6995
1996 6586
4314 8576
3012 6583
4965 9030
3881 5858
497 9064
2670 7481
749 6942
3389 9304
970 7153
3735 7630
2157 6125
980 8773
3279 9183
1188 8715
4551 7634
3085 5469
4258 8293
4165 8061
1950 6503
3339 8373
1182 7954
3206 8053
4271 9598
1422 9109
1907 8330
3680 7545
720 9209
4890 9550
4745 5915
989 6371
4503 6424
4974 8592
22 7208
2420 5064
3637 6863
2118 5950
2212 5409
2061 6840
2230 7068
1294 9972
4376 6268
3417 7832
812 5819
2754 8302
2836 5998
772 8981
1652 7406
1863 6787
2700 5036
1016 8665
1448 8996
4945 5115
1395 9852
3633 7226
4745 8186
693 8620
458 8804
1518 9418
287 8508
166 5185
2875 8648
4220 5993
4084 5219
3701 8877
2333 5003
4321 9926
3600 5182
1933 9968
2199 5829
1507 9502
2233 8042
950 6125
2157 7852
1154 8512
978 8498
2185 5208
2408 8497
3231 7650
2182 7840
4500 7777
291 6071
4394 5256
1581 6917
3135 6205
3340 7574
3567 7868
2271 6303
2487 8957
2246 5795
447 9688
2037 6196
887 9462
1176 6869
68 5721
782 7983
3203 6210
4578 5301
1430 8077
2827 5031
4493 6613
1247 7307
2797 9239
73 8474
3017 5640
3169 5428
305 8876
137 9644
4829 5661
3396 6466
4522 5795
1675 9088
1866 8739
991 6351
303 5103
3725 8650
448 6275
2651 5316
1275 5028
2726 7484
2141 9946
2827 6968
4922 8538
1184 8936
2780 7637
566 5348
4965 5236
3178 5185
3642 7976
1082 9615
2112 6556
2738 6588
4572 8443
1367 8414
3151 8872
3439 6914
595 8496
2900 6461
2969 5419
156 9016
4679 9231
2578 5690
330 9223
4061 7071
2938 5346
3032 5821
962 8491
4935 7542
2124 6583
1354 6411
4683 7682
3324 5124
736 9781
2161 7575
1832 7207
902 7365
1675 6161
3764 5539
676 7980
3484 8299
400 7718
2559 5956
3911 9977
739 6052
2449 8258
1967 7544
3121 7854
199 8739
1810 6663
4479 8113
590 6040
4460 9438
2455 8517
500 9956
1665 5230
2079 8370
4278 9388
1535 6895
2512 8735
2333 8587
2056 7976
2174 8025
645 6722
269 8393
4369 6456
641 8369
4138 5976
3325 8396
1 6795
1166 7854
4757 6932
1135 8448
2504 7848
892 5330
4917 9328
4262 9747
2728 8443
3168 7630
2571 5400
4843 8484
472 7832
3235 7477
318 9957
891 6003
2545 5360
3328 7095
2926 8861
1334 8539
148 8771
4008 6663
4830 7580
3441 7576
1753 6378
1093 7176
3777 8287
1558 7125
3299 5476
63 7056
3358 8836
1472 6522
2588 7308
3170 9060
4916 6474
3324 5036
879 8646
2953 6440
4285 9153
4935 8399
363 9646
4723 9997
285 9231
2243 6020
1598 6592
4028 7374
2171 6665
3598 5394
975 7518
4196 9060
902 8022
3293 7065
2066 9659
2487 7692
3978 9039
1022 8625
3546 8760
926 8033
115 7453
3519 6556
350 6200
4942 8725
3858 5692
1509 6603
3329 7763
4931 9385
2811 8932
4065 5323
1573 5819
1628 9358
2338 9842
3019 8122
350 9458
79 6225
4673 9509
4924 5311
4157 9114
981 6526
3422 9901
4913 5326
3735 9746
2172 8208
2961 8089
480 9279
2444 5558
3177 7713
4633 6592
3013 5850
119 8509
227 6339
4524 6978
1872 7326
538 9593
3227 8425
2118 9322
3501 6563
4276 6140
110 8472
3716 9876
669 5153
850 7098
2229 9481
4440 5968
2557 6595
1883 6547
282 5281
339 7943
750 9256
2835 9750
1400 7865
2618 6265
4530 8492
3623 9809
730 7987
4297 9337
4371 9334
1123 9348
3091 6661
4083 8623
1749 7144
1643 7237
1260 9873
807 8356
4583 6884
804 5086
1931 8377
4573 5361
4033 6014
2218 6862
3346 6864
978 9941
4461 6915
769 8018
1314 7586
2038 7552
4225 6769
3940 7739
1969 5744
3791 5561
2608 8424
3312 9557
3969 8259
3361 9822
259 5007
3963 8942
1887 7920
4853 6754
2267 9972
4787 9136
4384 6703
4055 8935
3540 7797
4213 7709
2696 7956
352 6505
2235 6954
3282 9256
4216 8055
34 6148
3482 5563
290 9804
3379 7125
2503 7403
2399 6906
2964 6719
4188 8446
4239 8229
3701 9488
860 7000
1958 6091
4391 5826
3443 6404
435 6177
3334 5886
1661 5778
1987 6536
265 7030
1075 7759
2644 8358
4803 8744
2148 6174
4928 7170
1825 6392
4479 5350
232 8340
731 5071
4767 5254
3427 6000
2449 5011
2045 6840
1188 8641
2567 5835
4739 7635
2739 8189
1787 8194
3969 8944
4873 9483
3063 7561
2967 9324
3751 9217
3975 5921
4013 7571
4518 9429
1623 6595
3967 9255
3590 9814
4727 7940
2411 5755
2411 5223
382 6676
2625 7617
484 9708
872 9188
447 7473
3937 5030
1676 6813
3238 6030
2106 8351
164 5991
292 5773
2371 9036
2824 8941
4512 9141
2187 7452
3179 9461
3732 5035
2540 7380
2284 7589
1550 8967
3545 7921
3041 8468
3120 7475
3364 5292
2294 9451
1467 8552
1102 6398
384 5284
674 7258
2429 7454
3670 6714
1857 7628
4648 8327
2363 5717
1792 7677
1367 9519
3569 8123
2950 9307
217 7151
3325 8451
846 9410
3066 5977
2524 7123
2811 6776
2938 8929
880 9374
3460 8213
492 5221
4378 5755
3135 9762
4407 7653
251 8498
3925 8698
2626 5317
578 6666
4584 6535
4534 9628
3308 6141
1691 5219
594 7410
2683 8250
4777 8716
3639 9897
4253 6190
3299 7058
172 7841
3383 5966
17 8913
2634 6839
1418 9969
1499 6993
1417 7889
2154 9683
4556 5630
662 6731
1217 9313
2896 6995
53 8326
2061 8091
2460 7352
4166 7974
192 6867
920 7178
3547 9758
1250 6515
1831 9829
680 7615
1598 8192
277 6161
1751 9936
4547 8404
3302 7057
679 8702
3276 5219
2953 9333
1109 7042
792 5879
1839 6981
4052 9728
420 5919
4950 9248
1856 8866
4680 6210
3455 7717
4037 8494
3563 6247
3325 6973
1465 9528
708 8980
3267 6738
4512 8538
3800 7776
4894 6919
4764 8444
3682 7647
3036 7800
742 6803
1779 6458
1889 8208
1632 8319
1168 8634
3803 8467
3607 8377
3125 7402
3274 9455
727 7879
2199 8908
4485 9902
1757 7278
3037 7729
918 6150
2278 9976
4700 6183
3368 8775
4317 6419
3842 7761
3396 6969
83 6977
4849 9929
1740 5118
753 9908
4816 5518
4617 7503
2045 7970
3173 9347
360 9907
3592 6308
2427 7249
2369 9884
4056 8137
4351 5119
1530 5531
2329 7389
1561 5551
3737 9689
1228 5566
1917 8052
488 5973
3217 5123
3961 7698
1357 8205
1371 6469
4972 7733
1966 5757
4875 7462
3019 5996
2883 7673
4661 9475
2539 5861
3796 8345
2165 5093
2249 6954
678 6276
393 9384
3899 9310
2046 8901
3436 6553
1207 6726
850 9793
446 7779
3844 5145
3351 7129
922 7643
2042 9618
2504 8200
589 9116
4231 5147
371 7339
2417 8537
2953 5719
4063 7445
1597 6023
3857 7829
1815 5994
1439 6960
3230 7718
2590 6128
2130 6946
4138 7492
4612 6014
2875 5234
4823 5134
692 5823
712 6691
966 8436
3634 6458
855 7537
2931 5427
2442 7713
1661 8152
1069 6091
1572 7752
444 8811
2077 9831
917 7040
3162 8118
4486 9228
1537 6904
2370 5709
4975 6712
256 7710
592 9080
2180 6333
3738 7237
3926 5982
631 8132
1988 5531
3256 8217
3891 8440
4405 6637
446 9156
4704 5566
2670 5656
2596 5940
3231 7613
1588 9422
2346 7741
1809 8540
3052 7020
2739 8940
547 7979
567 5302
2788 7197
4483 8981
3247 7830
2881 5720
4731 6158
199 8662
1975 8864
4806 5817
4840 5770
35 6061
2408 7954
2026 7926
2565 5049
3761 5996
790 5711
1717 6092
477 8709
4920 9693
850 8072
3066 6077
3373 5175
1928 9291
608 9341
2056 9719
2636 6105
355 9137
1953 8794
4454 5804
2327 8731
3310 6684
45 8225
324 7850
89 8802
1365 9979
1195 6086
168 6280
4138 9352
1746 8293
2963 6467
4203 5181
1022 7899
3738 5379
592 7118
2567 8897
2839 9739
4235 8658
1672 9973
2631 9156
4598 5276
2320 9088
1802 6598
2847 5891
3559 5355
1845 6929
3885 8733
1463 8550
2775 7765
2806 6754
783 5099
2354 9024
4568 8702
1961 7331
1647 9461
2045 5558
1394 7954
1617 8564
2492 7907
1990 8617
3962 9564
4659 8190
2340 5250
1882 7953
1577 6351
414 5779
3782 7452
808 7643
4627 7883
512 9198
3203 6335
2054 5319
678 8189
4246 8692
2642 7020
591 6280
2570 8457
1996 9437
1830 5278
1261 6977
4940 7727
1221 5637
1968 6065
1249 5437
4485 5423
4643 8043
3001 6453
1020 7049
154 9755
2961 8237
4659 8990
228 6698
4531 8675
4155 6560
4434 7229
941 8535
1337 9830
3661 8750
1653 7891
3061 5577
750 9289
1670 7098
3593 7115
2168 7772
4955 9309
3883 9143
3521 8003
195 6425
4318 8090
1811 7962
1583 7186
2759 5842
3949 7521
4730 5588
2747 5315
3283 5187
2089 7040
3815 5357
3144 8853
161 5529
3441 6355
3303 5139
259 6855
3998 6051
2291 5691
382 6358
2701 8273
2589 9343
2617 5398
3529 8236
1764 6209
3619 8876
4681 9335
2685 5014
1499 8372
1022 9390
2826 7448
1439 5646
3791 9668
3377 5135
2984 6832
4114 7409
3528 6699
1775 9801
4198 8173
885 9450
4017 7688
188 6456
4367 6679
945 5303
3433 7478
3846 9884
558 8875
2236 5341
2543 8725
3002 9002
2161 6488
3237 5690
3506 5351
4496 8183
3579 6901
2161 7049
3830 9477
755 8988
3164 5364
2020 6062
4231 8043
4142 6743
3829 5142
2608 9769
2598 9555
1553 7989
1881 9226
4137 6968
4700 8582
4675 8003
621 8853
1046 8969
2875 6725
3293 9076
2376 6371
4558 8175
4552 9617
1536 5565
4932 7681
2595 5883
3483 5897
2723 5260
1662 9916
4719 8848
4266 5867
1413 6307
1741 9780
735 9825
2582 8320
704 9800
1339 7214
4316 7193
3886 5412
1372 5413
3024 9327
1233 7968
3499 6928
3907 6875
2087 8485
2368 5565
4642 7844
2712 6673
4766 6289
2207 9317
2447 7089
2707 8524
3918 5644
2812 5506
3136 7322
2710 8003
2623 7448
4730 6821
1282 5695
976 5968
4846 7943
84 6795
2027 9876
1549 9837
1707 8702
2969 7200
3225 5401
987 7103
3822 6401
1933 5532
2305 7013
708 7265
210 6384
996 8684
434 5267
2764 5432
4799 9444
3917 5135
1750 9730
1591 8569
1137 7306
1003 8953
2838 7673
3856 7712
3562 5738
2631 8997
109 8109
2894 9758
1564 6535
4273 9782
2236 7011
105 5075
689 5734
1742 7979
2828 5856
1069 9639
1165 8404
2310 7324
383 6270
2907 5306
2871 8483
75 8771
3420 5573
672 6322
3852 7346
1020 6907
2177 6326
2857 9510
1337 8639
3654 8504
4666 6192
2914 7671
490 8588
2151 5001
1883 5255
2513 6790
1403 9640
1762 7039
4036 7036
1527 5733
1779 9250
1665 8737
1624 8429
781 7235
906 8903
405 9949
1311 7803
3651 9941
1459 7404
3156 7075
4270 6474
3582 6398
798 5621
3592 6875
3035 7105
4149 9464
446 6419
1767 5530
2247 5668
363 7733
526 9132
2009 8626
1645 8099
1945 8123
1306 9619
441 9037
1715 7311
2885 5463
1668 9792
3163 5908
3181 6706
3342 5014
1459 9652
1148 7322
4054 9289
3655 6336
1620 9795
1328 7021
2663 7756
2100 7367
2134 5789
4978 7289
3957 5041
1005 9192
4343 8405
1232 5703
1818 5039
4209 8927
3981 9595
2665 5100
1952 5518
2903 7600
2362 6120
3037 5934
4567 9084
2636 5126
735 7574
513 9813
1423 7689
2249 7196
172 7899
3873 8735
2270 6241
870 8146
576 6974
1063 7465
2911 9384
814 6243
4825 9612
3300 9809
2915 6166
2851 5764
4769 8412
2609 8051
2357 5700
944 6044
1314 8298
1463 5904
838 5770
1945 6592
410 8745
3803 8491
4143 6845
4204 7540
3756 8206
3038 6067
3204 8401
1800 8411
1546 5332
2514 7245
2201 9953
929 9185
3860 9012
1236 8645
426 6988
4418 9389
4539 8919
393 7558
1245 5619
4638 5970
1141 6116
3722 5453
646 9604
4540 6837
2913 5275
4542 9861
2389 5504
429 5943
3037 5960
4387 9051
4748 6513
2872 6758
2654 5549
1367 6519
604 5810
4315 5063
4680 5987
130 8514
3068 8928
1470 5845
2290 7396
1156 9683
1901 5274
3069 9355
302 9580
4036 7166
3212 6741
4161 7522
1213 5456
1108 8491
2381 5262
1145 6336
4591 5758
1765 7066
2869 9998
111 6429
1066 8813
2079 8129
1244 5702
2575 9669
4211 5246
4642 9060
4421 5186
2631 8298
698 9183
3415 7876
3062 5981
932 6870
2969 6597
3671 9988
4997 8660
3779 6577
4368 5302
410 7652
951 8841
4026 9326
4363 5554
1827 8883
269 6871
2975 6800
3857 9510
1216 5219
2641 9381
2196 9096
740 7621
505 7602
4131 7653
4226 5312
650 8518
2038 6192
2610 5584
545 6017
2295 9039
1128 6308
4155 8476
4491 5911
2674 5414
3824 7858
2109 8895
2747 6400
4426 7645
160 5984
4585 6924
1877 6535
3909 5678
3341 7689
3786 8075
3671 8285
824 5199
496 5532
2183 6292
2111 7581
1341 6812
1649 7696
2881 6306
3931 9458
633 8712
2554 5516
2983 5101
4601 9729
883 9246
3414 8797
4117 9824
3649 8652
1645 5996
4864 7838
4601 8516
3410 9920
124 5337
711 6755
3310 6626
621 6107
4502 6902
199 8877
1095 5230
4047 6783
4953 9944
4177 8116
263 9933
3851 6660
4565 9287
1621 5424
3015 6240
3112 6510
4810 8498
1633 6491
3783 5287
1021 9733
4530 5964
1837 9045
1984 9541
1456 9348
4768 7108
4599 8682
4064 9960
2457 7179
3026 8215
4707 5144
2833 9716
253 9343
24 9889
3591 9915
2163 5501
4466 5276
787 6683
2709 8062
2196 5559
2452 6294
2889 6839
2983 8629
4453 5405
4224 8148
4531 7124
2765 7253
1912 8028
4347 9758
1341 7643
4878 6082
1731 7575
1877 5623
4447 9941
2607 6491
1169 9630
4226 7747
944 8701
2202 6773
2997 5683
1713 5917
4734 8482
2567 9392
3558 7895
1219 5994
1611 5253
862 9447
1569 9109
2079 5251
4768 9765
4985 6501
1377 9752
2323 7601
4778 8528
3899 6356
4403 8749
4334 8138
2485 9911
3025 8211
1632 8192
3453 8633
3513 6399
1481 9362
3076 6620
1936 7872
1988 6622
182 5670
1728 5833
4105 7684
1546 8696
2451 9757
2034 6040
3428 8053
4405 8041
1863 8399
3339 6516
1667 8540
1208 9114
3963 9172
1950 7689
1533 8440
665 5592
1820 7739
1386 9954
753 9406
3191 5820
1252 6270
4123 7081
335 8900
2848 8336
542 5920
267 9992
3374 7826
1518 8451
475 7134
4957 5139
2710 7414
1016 9896
2723 7953
4445 8414
3162 7468
4301 7043
707 8492
18 9572
3772 5327
753 7853
1995 5004
2204 9092
4105 6565
3282 5037
2863 8997
2637 9243
3907 5538
4204 6328
1843 8838
1784 8491
1413 7000
3540 6044
1727 9720
4296 5437
3669 6504
1460 6919
4594 9808
4481 9580
4157 7803
2383 7036
706 6350
1277 6015
752 5977
1324 5900
4690 6729
150 8071
2849 6590
2362 8235
4947 6779
4779 7370
4460 9268
1989 7730
1045 8851
3071 5255
3025 6699
4635 6072
1420 6394
2712 9317
3927 8935
3551 8467
1179 8274
2026 8832
3078 7482
4648 8183
3568 6213
2534 9041
4711 5535
3724 7953
2470 7395
1462 8498
920 7439
1627 5673
3900 5093
3621 8299
2994 8402
2941 9163
2984 5347
3780 7772
3757 7078
3821 9760
3754 6832
4661 7081
4119 7074
1001 8907
1726 7308
567 6016
1428 8939
4018 6514
575 5117
3963 5162
746 6983
2761 6702
1180 5215
2097 5515
2440 9433
1038 8108
246 5960
3264 9063
315 6251
3239 5005
4364 6987
4254 5988
1942 9768
2322 9007
2436 5430
4062 7765
3284 8328
4332 7107
1475 6418
967 6087
3503 7352
3791 9822
1341 9237
4451 6272
2567 5639
2681 8211
4456 6576
4861 9357
4996 8714
1449 8771
2564 6194
4943 6619
3156 9333
1087 9270
4206 9651
1751 9491
4489 5322
1425 7344
4154 5886
3150 5976
3819 9278
2214 6134
3939 5319
284 6799
2049 5828
848 5523
1152 9408
3160 5781
4430 5934
2528 9030
4757 9474
1762 9476
2762 8133
3832 8387
1082 6332
2512 9392
618 8519
114 7906
1614 8839
4196 5359
1221 5697
12 6554
854 8240
3995 5118
4185 9411
3018 8228
509 8059
3481 6320
1479 8464
4260 7021
737 5738
4277 8230
2425 7611
3108 5308
3661 6086
3025 5674
888 9055
2829 9107
3981 5917
3895 5643
998 9308
3867 6726
3455 8339
4030 9924
1116 8527
2770 8096
4867 6165
1369 8678
947 7684
2213 7981
2745 6777
2092 9021
3017 6900
4447 7541
1059 6585
1982 9595
225 6342
4946 5567
1732 5880
533 6257
3031 9584
1649 6422
3985 7555
3312 8602
4849 6139
290 6698
4163 6370
1429 5479
1144 9544
3652 5940
982 6036
1742 7025
2463 9309
4106 8839
1676 5787
121 7677
226 8658
4443 8997
748 6691
825 8138
2455 9325
4534 7733
2743 6824
3037 7474
3077 6227
2119 7539
2864 5162
867 7206
4760 7598
812 6027
633 5259
1482 6960
4373 5982
4610 6144
285 7310
2993 9427
2003 6155
2566 7413
671 8657
4971 8621
1286 9842
270 5846
4416 7536
2169 7603
2197 6145
3046 9220
4233 5070
4878 5814
1150 9827
1112 7178
1450 8666
4290 6915
3352 8247
2830 7146
1638 5643
1950 5554
2453 5044
1938 8299
206 8238
3141 5375
1838 8530
2204 9188
3798 5960
3467 6107
375 9413
2659 7524
3257 6308
1106 6757
1035 9637
1522 7768
4057 9351
3779 7527
3050 5537
3999 5408
4973 8929
1978 9910
2238 9405
685 8175
120 9218
243 8472
4381 7051
991 6109
525 9096
2918 9946
3509 7069
1798 8496
4828 5527
1451 6045
3920 9402
1864 7156
3758 9093
1749 9606
3813 7335
3886 5388
3215 9552
500 7601
1731 7760
3335 9937
3706 9500
308 7967
2301 8761
2808 7689
654 8549
4689 6854
1921 8876
3777 8214
4459 8240
1022 9940
4583 8354
2702 7345
85 7035
4410 9060
2158 7241
3910 6479
1075 8436
2569 5839
2957 9461
3062 6864
2313 6845
1063 6778
605 5381
428 6080
4415 5473
3073 8563
2654 9460
3336 6303
1085 6521
4475 6198
4496 5587
2618 7641
1093 5469
2409 8945
4885 6019
470 9015
3778 7330
4457 8532
3295 8534
359 7975
4627 5190
445 9584
29 9734
166 8403
4478 5992
265 6072
2130 8744
3610 5263
616 6063
3922 5337
1505 7716
1904 8097
4852 6706
3680 7469
2626 9458
305 6363
3207 7497
237 7572
4693 7587
4306 7402
531 8646
3549 8371
4994 9940
2915 7502
4622 6279
558 5928
1480 7671
47 8527
4179 5076
1865 7054
3196 9740
2104 8775
2584 6569
3244 6970
444 6551
2339 6701
1014 8691
76 9778
4300 9756
664 7706
1999 9175
3850 8501
4555 9618
3103 5110
2785 9645
2854 5302
174 6267
4449 5936
3428 9710
3823 9114
756 9460
3555 5317
1838 6283
2466 5190
3633 5810
1372 8404
3805 5507
2502 6637
2860 9214
3937 8425
1525 5229
3243 6854
3494 5528
302 5323
2961 9230
2973 5872
2437 7746
2526 7220
4170 7401
3206 8927
1014 7319
3919 5917
2691 6472
4724 8796
585 5404
1261 5735
133 5711
178 5396
3431 9463
107 8699
754 9389
3146 5317
2218 9552
3058 6895
2377 6897
2838 6124
1226 5801
2508 8910
4465 5675
4930 7063
3334 7159
3197 7228
4302 6381
865 6366
1181 8297
325 8779
151 5528
4452 5646
4437 5236
1568 9298
938 8720
2099 7220
4910 7540
4575 6158
300 7822
2448 9058
2597 9265
2444 6357
1523 9085
4586 6851
482 9203
347 7078
2090 7208
1745 6785
644 7227
68 7894
1255 8588
1763 7251
1868 5633
4851 7717
4707 5119
1021 9056
3662 7472
2210 9849
1456 8561
469 9380
4592 6929
1526 6496
2027 5464
3835 8613
4418 9708
3478 9952
249 9625
4870 8133
2913 6045
4440 7742
4225 6875
1160 7110
4794 6306
3439 5683
1769 9603
3274 7808
3349 6818
194 8801
3878 5233
847 8319
3280 9839
4227 6379
4369 7135
2216 5470
839 9783
107 8644
4822 8599
4839 5884
1374 9399
4684 6805
2526 7956
2577 9764
1885 9823
1078 9350
3672 6758
288 8102
2233 8347
2946 7767
59 6364
3490 9485
3219 5698
2468 5469
460 7885
4196 8819
211 8461
4020 5070
1420 9475
722 9648
4601 6272
4846 6859
4341 5079
2629 7818
4069 6660
2125 5200
4834 7083
4309 7980
2402 6662
36 6038
4553 8629
667 5298
1888 9945
4361 7943
1313 7066
1963 8519
3043 5237
2354 7233
1596 8091
349 9616
3614 6505
1266 7415
2770 8229
4904 8593
1672 6642
851 9300
3651 6487
664 9707
2668 7953
3296 6960
2410 7118
1840 9345
3582 5575
3436 9347
4449 9903
3567 6338
2515 8109
1842 9485
184 6753
4445 5462
193 9113
4094 5165
353 7059
1457 7028
1498 7963
4663 7779
539 6468
2021 8743
2917 9923
551 6239
4297 9140
3471 5693
3686 9129
2418 9262
4646 6081
1472 6743
4550 9903
4307 7802
12 9567
4100 6837
537 9598
3818 7914
1410 9388
4807 7254
1058 5135
286 7620
4845 6490
4922 7461
3391 6842
123 8417
3372 6650
3869 6655
3148 6307
2628 5377
1123 9381
1352 9746
1642 9450
4256 5737
1793 8370
4948 8078
3737 7525
4987 5448
4005 7224
4784 5110
383 5684
4688 5928
1949 8958
2742 6475
2813 7501
2107 9613
2399 8607
3653 6981
59 5375
3547 9373
34 7446
329 8943
1196 5082
452 5307
2946 5947
3759 7534
3910 5669
1525 8548
3390 5345
3242 9476
3128 5067
2882 7621
365 5088
1994 8197
1300 7788
4664 6368
3774 8724
1253 9030
1637 5017
337 6549
4660 5495
2381 9547
807 8054
1046 7047
2752 9042
3946 8507
4212 6680
2920 9314
2990 8110
1316 6338
636 8495
4786 6674
1322 8109
43 6165
985 9701
218 5175
91 7531
801 5801
1204 9556
2887 8104
2959 9562
2788 9578
1625 8078
3752 8591
4468 9831
3718 8583
2290 9877
2434 8954
2204 5403
2414 7237
1244 9103
1884 5278
381 9128
3832 9734
694 8554
859 5625
3649 8346
4217 5222
2846 7109
4732 5756
9 7578
699 6455
3717 7202
2128 9974
4283 9491
1769 7214
138 6886
1427 6101
3395 8820
4705 8092
2876 8897
4482 6001
2016 5099
4564 5187
473 6434
4985 9488
3782 7570
2110 6833
2153 8033
3208 9098
1077 9122
1849 9285
2083 7308
4256 5422
3954 5499
4054 9855
808 6351
1785 7157
1263 8373
3572 9967
3253 7774
4279 9127
4331 7789
1999 8887
2825 8722
1037 5035
3334 7678
221 9418
715 7732
2879 8569
2552 6316
1234 5867
330 7092
3025 8343
698 5139
2093 8505
3578 7766
1422 6237
3313 8986
2710 8342
4604 6493
2728 8515
4408 9697
3495 6680
3768 6412
1291 7392
42 5256
4245 7616
482 9532
1995 9535
4758 6667
4918 6030
3699 6821
2869 9011
4042 6172
4741 6011
1336 5461
1232 8320
1889 5568
1686 8968
815 6841
4897 6575
2792 7017
4403 8015
2751 5950
1880 6817
3669 7028
4552 8437
456 8085
1990 6253
1037 6033
4806 9220
1300 8616
965 7108
2207 6711
3150 8778
1851 5725
1373 7775
3790 5110
796 7449
1013 7319
4128 6996
251 6969
1744 6774
3418 5638
3177 6535
650 6582
2755 9798
4003 5362
2383 5216
1559 5696
2804 7361
3915 7531
870 7521
3225 6929
4732 6133
1519 5300
3499 5964
1764 7903
4864 9296
3173 7790
4729 9238
4703 9312
288 6021
3292 8287
1978 6350
871 7410
3155 9197
3567 8478
3938 5805
1554 8880
4513 6330
276 9341
2330 8456
1219 7228
496 8630
2907 6529
4283 5918
4703 9892
4700 7022
127 7901
4195 6963
4418 6174
2591 7472
2433 7591
2450 7346
4378 7735
1953 5274
2350 8628
2377 7583
3603 7691
3764 5847
2274 5143
3721 8912
4993 5664
4187 6194
743 6253
3866 7441
481 9834
3822 8573
2427 6924
57 5375
4686 9905
1729 6728
745 6614
1128 5383
2125 7030
4730 9054
4978 6654
865 8638
4917 8512
2627 7853
3812 7084
1694 7258
877 5040
1324 8133
4646 6804
4520 6557
767 5245
98 6210
2011 9515
2735 7878
1083 5420
2890 8995
2797 9352
1275 6531
4055 9083
2998 5038
3763 7587
811 6376
371 7954
3664 6344
4725 6707
2962 5922
4588 7379
806 8347
4899 8671
737 6285
4544 8689
493 5286
4370 6603
19 5569
3242 9869
3310 7494
3276 7641
1300 5775
560 8027
2539 5624
3881 9004
2233 6814
1200 5307
163 7316
4727 6995
1603 9393
3855 7517
1980 8688
1973 9368
899 9295
2819 6127
4003 6330
2217 8878
2456 8994
3097 8275
2497 8479
4324 6928
4001 8706
1904 5450
1153 8385
666 5585
1654 5866
2187 9778
3623 9201
2687 7507
2916 8738
1643 6117
1541 9122
448 6990
4588 7339
640 6261
954 7232
3827 7562
337 8762
1246 8894
105 8971
390 6828
1176 6135
3489 6034
3486 8326
3372 8552
1861 9619
637 6885
3655 9185
3326 6773
1090 7776
3232 6179
2586 6283
2333 5181
1079 5200
194 5271
1913 6367
1632 7762
3715 9534
3128 6439
868 6195
4776 9848
993 8700
377 9280
2900 5121
3956 6426
722 6441
283 5704
1810 6641
2192 7069
3922 8965
1764 8731
2116 6083
3491 8467
3940 6410
702 8194
3006 5169
3288 7865
2196 5964
4967 5104
4847 6899
579 5176
2042 7387
51 6045
1547 5157
788 6739
2276 5052
1104 9726
2660 6555
4839 5331
2247 8471
111 9694
4836 8960
788 9942
107 8286
3475 6377
2557 8845
4687 5175
1189 5099
4131 8253
3100 9262
3335 6772
1708 5855
2433 8936
1349 7391
3523 5462
1245 9206
1535 6588
1618 9047
3084 5566
1248 6524
3722 9981
3473 6372
3777 6670
3137 5742
3414 6150
4213 8845
1215 7393
1637 7003
1419 8448
3292 9983
4298 5610
3195 9888
2826 9136
1525 8533
4547 9453
1521 7977
2641 5501
122 9975
357 7564
2850 7327
1971 7894
579 9109
1199 5577
951 7976
493 9560
1084 7491
1087 6306
4191 5463
1927 7919
4247 7411
439 9657
4063 8912
3553 7068
2654 5429
955 6165
404 8026
116 5286
2033 7869
2754 8401
41 9596
787 8420
559 7747
2393 5704
1584 8845
4360 6233
4422 5763
1231 6149
4983 6413
3201 6405
3093 7191
2909 9405
2058 7105
3624 9717
1977 8825
297 8214
2508 5770
335 6833
4853 5050
3950 6527
2979 5152
1999 8008
701 5325
3957 6112
1463 9140
2817 7453
4258 9433
1893 8852
3277 8309
2414 6313
4331 8573
92 8392
1798 7676
2912 5263
1171 9226
3287 5899
2781 7459
3454 9153
1527 6355
2426 8577
2860 8676
4135 9743
693 6868
1620 7123
3707 9248
4153 9499
3613 8562
231 9695
4066 5262
2459 5513
1565 7776
3362 7190
98 8173
1941 6283
4401 8847
2778 9784
764 9445
4283 9008
3296 6965
3526 9263
577 9186
2023 9715
1654 5667
2190 8059
3433 7421
2326 6201
3268 7393
2219 8395
3781 6561
2783 9451
2403 5628
4194 6517
3856 8119
807 7349
1390 5700
327 7918
1724 6486
3001 8726
1779 9017
1061 5584
555 9998
2653 9737
3094 6304
3114 8835
3636 7900
162 8439
4630 6214
4412 6747
3774 7099
973 9063
404 7565
887 9496
4040 9991
2859 5428
3414 9738
823 7725
851 6511
1380 9805
3874 7300
1611 6883
1342 9449
1804 9637
1661 6971
29 6667
3557 7762
3612 6127
3717 6705
920 7667
2891 7380
1748 5784
2463 7152
2268 5384
3012 9744
4824 5739
2348 8770
2858 7334
2983 8197
348 7325
2310 5936
1097 8361
4886 8633
2347 7788
3805 7714
3234 8613
4664 6840
1406 6005
4200 8912
2045 9873
2212 5856
1091 9153
313 8794
124 6239
3017 8546
4529 7967
3450 5928
531 7610
3653 5503
4018 9510
4071 5054
1215 8768
309 7681
4499 7551
2967 9657
1543 5652
4148 5037
4474 6617
2587 9545
747 7298
4139 8483
516 7567
3499 8003
2092 8365
2623 5639
1631 6569
4202 8009
155 9470
1932 9432
200 8040
2932 8235
1560 9202
4244 7009
4899 6989
1930 7621
4591 6712
683 6380
2405 6682
4125 9186
551 7204
2539 6715
4553 7107
969 8048
2509 8887
1773 7366
3207 6958
2320 7135
3359 6767
2467 8348
2681 5602
4761 9873
3370 6428
2135 6444
2682 9761
271 8785
2859 6008
2886 5625
2045 5670
4064 7575
2059 9910
3981 7396
1909 7625
2199 8799
553 8186
2593 5180
5 9838
2518 7491
624 8118
1011 8179
915 6704
1254 9747
1439 9221
2168 9904
3772 5118
3289 7118
2742 7332
1842 7004
4000 7794
3589 9626
1401 6581
4757 5167
1821 5155
4219 8568
4700 6612
1903 6881
4082 6227
1708 8097
3889 8766
2125 6915
3555 6611
2054 6497
4232 7100
4411 5939
4678 9034
4346 7498
3937 5989
4046 9988
1120 8261
2048 8185
1499 5702
4888 8336
4378 9278
1141 8353
4402 7677
581 8221
2665 7780
4231 7881
1993 9217
2628 6745
2483 7071
2440 9366
4943 6159
3611 5585
1275 6712
202 8246
3659 8441
1945 6256
4542 6788
731 5487
2097 9403
478 7873
1412 8892
4235 9682
2896 5960
725 6851
208 9528
4662 9019
1128 6317
1014 5296
1327 6443
1761 5891
2802 8673
4441 9514
3015 8566
1220 6055
357 7471
4929 5372
418 7009
1863 6505
3655 8696
4055 6825
3471 5505
75 9029
4294 9884
2194 6036
2119 9879
1980 6046
4648 7012
565 6143
4506 6474
4300 6648
941 8064
880 5508
2483 8184
857 6498
3493 7819
4445 9808
151 8871
2561 5256
3985 7243
3645 9351
4205 7557
655 6700
3546 6951
1679 7507
459 6778
2617 6649
4610 6775
843 7682
2872 7869
2712 5078
3000 9758
4011 5877
3628 8747
510 5516
3692 7954
2249 8769
751 6739
899 9396
4 7773
3252 6731
4012 5540
202 6696
833 6627
2140 5470
1841 8477
1835 7456
1294 9429
4987 8487
602 8566
1058 7547
2159 9487
2089 6544
4875 5545
1634 7532
4119 9512
2289 5092
2064 6422
3314 8292
3912 8627
3694 9257
2715 7050
2659 5073
3164 7980
1452 7670
3559 8505
3477 7208
3662 6971
3633 5836
3695 9552
3499 7533
2807 6926
4787 6981
2236 8192
1683 5749
4029 7871
4771 7902
3527 5083
864 8689
4191 9716
3083 9547
1407 8580
900 7044
2194 7528
4511 6809
1155 6587
808 7549
4155 9829
2390 9873
3934 7696
1557 6218
3347 8426
3549 7862
203 8588
3035 5316
2071 8677
909 6129
2390 9018
4071 6967
4058 7608
4684 9054
947 6219
387 5889
1871 7063
4824 9983
3858 7453
2322 9225
367 7908
1413 5503
2881 8007
2216 8311
3582 9701
2553 5275
2280 6535
4618 9722
1382 9785
4202 9400
1398 8338
577 7146
3939 7809
3395 5481
743 8096
1879 9863
3806 9246
3622 7958
2020 8574
1478 9758
1062 5584
2295 5713
4353 6161
1124 9604
1903 5593
4131 7009
494 5059
4983 9871
2904 5716
3599 7322
3154 9117
1541 5131
478 5629
2921 8998
808 7995
4125 9378
1011 7482
1256 5542
531 9910
679 9195
2627 5057
2252 7611
4298 6094
4485 8250
4911 7787
486 9760
2383 5715
2295 7768
4139 7408
76 9654
1977 8554
1948 7939
2001 6821
3504 7761
3595 8550
3024 8943
3714 8302
2356 8980
2399 5624
3162 9663
4241 6436
735 6783
3142 6348
2306 7596
2195 9034
1887 6368
4822 8711
3164 7056
3395 7650
4645 6391
2259 7716
2081 5532
3353 5321
2071 5747
3611 8280
3247 6357
1863 7149
1775 7299
789 6426
128 8560
3372 5080
2608 8307
1939 9965
2021 6065
3096 5503
4110 8718
2228 8934
3904 5842
4598 9450
2424 7736
4538 8603
4998 6396
196 7181
2238 6767
4903 6145
1603 8017
3210 7255
1227 9455
2040 9093
1800 6697
1038 6296
126 8845
2686 6170
1502 8560
1985 5594
4668 5852
1228 7029
2939 5005
4813 9378
1482 8858
1834 8926
878 6775
1028 8141
247 5326
3645 9967
909 8512
2886 5844
4223 8148
3875 8608
591 7735
375 5550
3978 8868
4561 9310
1324 9221
753 5381
4724 5582
2953 5523
694 9883
4554 8439
4017 7786
4756 9711
3870 9396
3653 9953
4417 8942
3682 9844
4498 8910
1319 9968
1742 9550
277 9719
4398 7443
4021 5162
1286 9356
1340 6726
4182 9943
1398 5923
2617 8551
2225 9826
4983 5684
703 6134
2405 5291
1260 6295
2387 8585
2983 5020
4727 5739
2821 5254
4830 5305
4930 8301
4132 6067
2868 7854
400 9484
1281 5920
1038 5685
1872 5005
3514 6890
2632 9972
2386 9145
2071 9677
778 9441
4742 9612
2120 6281
264 9548
1701 9722
3542 6848
3250 5074
1830 7281
1285 5414
3854 9037
4936 9531
188 5486
1770 9693
2665 9065
187 7497
708 8616
2490 7605
1841 5217
3825 7515
2329 9037
3335 7859
2177 5651
4261 8073
3220 9518
1537 7005
1397 6953
3050 6104
4553 7263
3635 6724
3258 8884
2859 5654
3532 5197
2967 6083
179 6362
2265 5113
3138 8272
4625 6852
3080 5142
588 6839
832 7129
4734 6901
4193 8916
2015 7207
4106 5922
1266 6897
3449 8494
2307 6982
4914 7204
3425 5539
902 7496
3249 5143
1003 6959
4725 9112
1969 7160
3924 5272
1133 7530
2366 9875
370 7506
4611 5245
4454 5881
3813 7367
2346 6734
2159 8775
4439 5992
2796 6906
1233 8293
157 8489
3803 8936
2378 6562
1853 8551
3760 7486
685 7773
3868 6491
3793 8390
666 5938
2734 7074
2343 9546
905 5735
1081 9372
4145 8392
1720 7474
8 8815
4082 9987
3185 5326
1670 7804
1399 5296
1846 8919
3298 5402
3075 6009
4853 8258
4415 6799
4310 8095
3923 6674
1294 5236
4548 7126
60 9274
4966 5380
2598 6034
3429 8791
4247 8169
4095 5005
3938 9637
3242 8993
1630 6103
3617 6445
3798 7254
4211 9180
740 5349
4134 5133
1200 5548
627 6078
2754 9342
1267 6851
984 9960
2416 9790
1011 5519
3858 5289
1418 6907
287 8909
779 5722
3477 9732
1742 7133
3588 7645
4821 8288
2405 6366
4091 9838
3706 9631
2309 5279
4145 8091
2751 9722
1219 5404
2928 9086
1407 5747
2149 9857
1864 7680
2076 9371
2664 9660
849 6872
1336 6014
1033 5397
764 5763
1127 9858
1751 9456
3606 5305
2356 8661
720 8047
2799 8524
2690 8023
4356 6593
3801 9808
4626 9424
2372 5234
2549 9464
1518 8088
4688 9227
4735 6411
2954 5025
1864 9935
3388 5282
28 7597
425 7495
2037 6718
1713 8819
246 7808
1891 7445
4838 7202
3899 6381
1364 8317
3454 9326
4598 9379
4282 5760
3074 9771
4797 9035
4391 7674
2760 9780
483 7277
2599 6748
3733 6247
4004 9269
1065 6837
2799 8150
2949 9861
4940 6713
3206 9350
1208 7480
4500 9186
3293 6358
3178 5998
4630 9804
3794 8340
2374 9664
3396 7283
1748 6762
1959 6110
3517 7554
3001 7801
1739 7409
4059 8610
1983 8129
3256 9759
902 6646
2830 5866
1363 7886
280 6485
706 8461
2798 8080
4951 6116
627 5005
2176 9116
1266 7077
3469 9520
2286 7513
1404 8942
2314 8053
3145 7592
454 7906
1389 5802
204 8624
4859 9811
589 8292
58 7580
1151 5112
2463 5590
3815 7669
1468 5310
2596 9724
3379 8415
734 7703
4812 6998
7 8060
712 7420
3973 9253
4103 7879
1437 9247
2348 7640
4603 6172
2505 5461
3720 9583
1272 5562
3014 7287
2652 7045
547 6644
4624 6905
3026 7231
516 5264
4252 6086
2708 7346
1642 6800
626 9208
2529 6416
3244 9676
767 9669
2886 9287
4427 5132
685 7322
1950 5955
1593 8660
3908 7259
4689 6552
1078 7069
59 7886
4007 5741
4664 8027
436 9930
1745 9359
18 5549
4892 6773
350 8755
1884 7169
4954 9849
2248 5779
852 9250
3982 8423
753 6456
1817 8554
2842 7585
2712 6181
3264 6096
1383 8437
2787 5741
3504 7156
2579 6829
3335 6472
3387 8484
3165 5987
765 5376
1616 5387
2052 5536
1905 7495
2582 9821
4885 5304
1405 7007
2009 7713
4216 6128
1333 5688
4561 6488
3239 7692
3373 8569
4542 8593
4930 8296
512 8332
3327 6353
995 5601
4993 8786
1823 6908
3675 9302
3837 6383
2858 8028
4225 7950
4063 5661
2477 6606
4576 5305
2087 8353
4922 8739
4628 8848
263 8878
1249 8896
3787 7158
1995 9533
2622 7118
2876 7456
4341 6821
3227 8439
192 8609
3781 9976
841 9859
1264 5189
3682 7594
2158 9197
1609 6383
2078 5753
1170 5764
3596 7335
3300 5269
2476 8913
2184 7168
381 8466
4314 5398
527 9471
4439 8428
4036 7736
2627 6640
3402 8946
4678 5261
1966 7955
447 5748
60 9005
3691 9639
4772 5344
3107 6867
730 6133
3561 5901
696 6280
1093 9339
1426 7218
88 5867
1906 5323
1273 9412
1035 7420
3901 9574
4759 7894
3225 5502
1890 8309
1642 6934
4713 9541
816 9010
2646 8892
2319 7777
1198 8333
1988 7054
888 6452
3796 7036
4656 6422
707 7429
2528 7536
207 6086
677 8607
4202 7944
4028 7899
2517 5068
4750 7050
371 7898
1096 5489
2590 8966
1577 5312
1103 8201
3093 7451
2122 5172
4057 5863
2609 6936
3405 5572
4361 7012
4672 6827
1486 7876
3614 7463
2795 6577
328 7226
4629 9982
1393 9084
1055 9765
736 5268
4453 5898
3489 9146
3172 6358
3775 6819
2700 5565
3690 9756
1525 5641
2628 9093
1081 9042
1962 5516
2202 7959
2460 9163
3475 6772
4867 8819
1996 5459
3166 7217
3563 9212
772 6733
4959 5874
3153 6843
3383 5741
3934 9245
1402 9593
739 9647
457 9728
2379 6619
504 8529
4118 7288
3893 7693
1179 5185
1492 8670
4970 5119
3503 7743
407 9919
2594 8613
1688 7751
3785 5960
2828 9544
3794 7612
3850 9339
18 9029
2688 5407
44 9557
2468 7504
1633 9494
954 5912
1097 6146
4846 7997
882 7120
1089 9289
268 5873
3337 7103
3054 8998
2956 7589
1419 8627
3644 7398
4878 7113
827 9348
4031 6946
2423 6955
4533 6995
63 9649
4276 9281
1093 6735
186 5740
1285 5469
1422 9374
4044 7393
210 8671
441 5613
100 6118
2243 9225
1102 5383
2245 5173
611 6477
3806 8867
628 7469
4170 9815
1590 9352
1184 7664
1508 8263
3282 7558
2614 5490
4408 8209
1541 9843
74 9010
2422 8334
1454 6954
4131 9910
3859 9094
4241 6443
3632 8104
2744 7279
2148 6099
33 5669
1230 5353
515 5709
974 8707
1886 5526
223 5620
2104 6845
2055 7805
4418 9428
673 5587
3796 6528
2383 7951
243 6684
3787 5476
529 5555
1048 9584
1431 5072
4804 8300
4549 6314
2479 9885
4851 9740
1513 5785
1124 5178
412 5649
1227 7346
662 9505
537 7973
1546 8652
215 8471
92 5274
2698 6582
852 8728
281 6755
4074 5881
922 9369
1627 5052
798 7845
2643 7873
3143 5723
3176 6725
2561 8879
2289 8770
4178 8294
4226 5142
999 7098
4400 7359
3978 5195
3841 8721
2916 5875
1821 8565
783 6820
4581 7603
3441 6895
1514 7205
2580 6404
1380 8213
792 7892
1510 9718
4049 6130
4182 6591
1491 6474
4142 9405
1200 6123
3734 8522
884 5066
4592 7995
1676 6658
3660 9343
3268 9936
3494 8400
4384 5859
4898 7757
1110 6375
4244 5241
2346 9921
203 9595
1611 5141
1754 9421
140 8294
4219 9547
3978 9959
4839 6416
2872 6223
1730 5199
100 6353
3625 9524
1322 9459
3198 9511
2847 5341
3389 5698
183 5163
1316 9539
3493 5797
4442 9285
3639 6069
1367 5955
4150 7859
3931 9097
2072 7961
1154 5221
4245 8697
1234 9034
1459 8417
3809 9239
2281 6902
2819 5904
1096 7034
3178 6248
3176 5903
3465 8916
1757 6739
4587 9134
1309 6971
708 8691
2307 8814
4000 6587
4421 8507
4671 7709
2408 5438
3492 9233
2042 9310
3032 6931
4916 8529
1661 5653
3111 7197
2766 8341
4389 8575
4381 7110
4555 8329
1661 8891
3245 5993
1589 5140
3894 8468
1967 9647
1261 7930
4520 7282
4380 6809
4220 9073
1901 8602
1191 7664
3768 7695
1963 9247
1096 7970
666 5541
889 9617
3239 7910
3138 6383
1301 6914
47 6247
1883 8978
2399 5409
3551 9603
4491 7869
3733 9856
4397 5907
135 9012
1982 8879
3648 6880
4850 5577
696 7120
57 7439
4569 9126
4603 6684
2434 9790
3066 5206
3310 5622
624 7316
4710 7142
2672 5877
1758 6523
1083 7736
1003 7980
1444 6620
1666 6571
2588 8954
2343 6531
3384 5103
1763 7838
2368 6900
3272 9952
279 9343
1609 7786
4338 7759
2081 9712
2380 9020
4732 9589
3845 6545
4040 9649
1241 6034
3153 5785
1044 9345
101 7096
3103 9155
4071 6518
4580 6490
1837 9425
3961 8814
2946 5609
4294 7289
3861 5754
367 9190
590 5245
2049 8797
2273 9395
4738 5466
1884 6979
4795 9753
2773 5202
1642 8204
2445 7654
1203 8976
3622 7974
4447 8866
4083 6306
1949 9186
67 7472
1127 7371
2500 5774
1783 7119
4127 9141
1433 6684
602 8890
4655 7378
4337 9911
4863 8960
403 9595
1001 7604
3968 7624
2178 6785
3056 5308
2880 8205
2478 5237
1853 5399
3218 5575
2907 8150
197 7236
1437 7165
1958 7377
4009 7016
1425 5581
13 5350
3233 9781
3709 5779
2687 7871
4495 8793
3123 5807
4627 6412
4689 9198
4172 7784
2624 8074
3172 7876
631 7259
1900 5516
102 9992
4361 9827
3379 7411
1257 6805
3307 8174
2488 6069
4315 8482
1082 6411
1547 6114
4370 5116
157 8319
4824 7832
2390 9408
183 7032
831 6765
1275 7369
3626 6627
3110 8338
508 6199
4 8560
3252 9954
1527 5366
1080 9720
3428 7819
1162 9445
410 6182
3532 9963
3330 5586
3543 9658
301 7842
4013 7308
3205 8637
2126 5549
4836 5862
3678 5868
1041 6181
4499 7166
4543 6548
259 8974
1976 9016
4801 8745
3424 9294
3211 6852
2264 5449
801 9794
3618 7328
2921 5147
2345 7924
3042 5019
176 7319
4425 6656
4016 5229
2896 5573
3133 6249
3263 6191
1757 5005
1632 6497
2700 9660
3933 7600
3578 7592
954 9251
10 8185
3147 9891
3221 9090
3725 9708
2693 7146
2893 7857
1040 9366
3486 6154
2794 9252
1603 8233
1424 8394
4596 6285
816 9748
3635 5188
1999 5666
4247 9621
2216 7322
1621 8769
4302 5360
2709 8007
230 6914
3234 6920
2169 7270
84 9141
740 9846
1870 9951
3915 8603
1942 9530
4658 6388
1710 9073
1787 9673
4968 6864
1196 6897
4798 7081
4823 7448
626 7384
4858 6790
820 8881
4456 6107
4901 6334
3540 8794
4736 5579
3167 6285
1070 8269
2365 8193
1812 8510
3058 5011
2307 5119
2663 7661
3717 6646
3310 5037
2508 8995
1516 9347
2126 5539
1199 9433
3227 9538
4464 5292
4630 5569
3729 7387
1911 8964
3424 7928
2448 6080
198 9936
2782 6148
3814 7818
2277 5460
3915 8533
3012 8535
3865 8165
3412 5184
1863 9595
1994 8942
605 8761
1534 9440
1460 7662
1162 7331
988 7890
2678 8409
4957 9041
2955 7654
3478 5310
90 7011
3120 9819
4297 8149
3896 7759
4967 9769
3665 9749
4679 7919
301 8497
2833 9691
2600 5951
1800 8610
3185 9258
1300 5240
4002 6270
2608 6846
2666 9471
4091 8867
4717 9242
1396 9316
949 6193
4756 9505
909 5424
865 8013
4527 5557
1806 5694
2014 5944
4072 9254
4409 8996
3184 7219
1729 7990
4157 5463
3091 8545
1385 9490
3251 5871
2912 5342
3462 7148
4210 8814
4199 7378
230 5935
459 6956
1318 6211
771 8666
2056 6931
3832 9701
768 8474
4704 7005
1930 9005
1903 5316
1526 9389
2771 5615
4200 9703
1003 6667
644 6358
2423 5365
2534 5263
4263 8356
1031 6517
3334 5529
87 7992
1993 8426
3650 5472
312 8182
1645 9336
2552 8552
4424 8262
2815 5328
2470 5814
1668 7672
443 9284
1935 9228
4089 8568
676 9219
1541 9762
4352 5790
4571 8512
2900 5014
552 7788
2083 6007
2443 6983
4918 7336
240 9380
3024 6044
1811 7980
2975 9247
743 9264
1324 8937
883 6582
3489 9365
273 6746
511 8874
1318 5061
2689 8851
1518 7260
4698 5282
909 8836
1193 6636
2386 6221
136 6256
3857 9600
4372 5719
2807 5520
4769 7866
208 5853
1858 7276
2835 9496
3773 8186
755 9481
1979 6556
3749 7052
1244 8259
3920 7710
477 7446
3077 6455
4142 9820
4624 9722
209 8335
2558 8058
2936 6084
722 9452
551 5622
2889 6809
1115 6553
4631 7230
2265 8377
190 9006
1116 9066
1592 8074
455 6251
123 8728
1922 7023
590 6626
850 5956
4891 7031
333 8334
3856 7892
1174 6073
907 6444
3419 9794
762 5049
1328 9974
2857 7975
4094 9908
2187 7910
2973 6630
2908 6685
4492 9336
4234 7849
4616 9675
1632 5354
1795 5270
1713 6785
4421 5892
3257 9935
2852 5134
3151 6518
1087 7181
3827 6643
2960 7808
1564 7853
333 7584
3701 9959
2483 5532
152 5056
2317 8463
4555 7193
4528 9762
2111 8421
950 5215
3765 6119
4933 6202
3413 9712
2310 8906
1318 5655
3681 9824
1452 8113
781 8101
1480 5575
1392 5096
1958 6832
1229 7294
2855 5769
1961 6838
3996 7020
318 6021
901 6731
3542 8436
1453 8848
1033 8040
3990 8568
3037 7089
417 7055
2937 6365
1050 8268
4150 5523
705 5013
4867 6118
1964 9632
1803 7603
893 8913
1233 9771
4867 6790
4282 8425
191 9894
2522 8830
4048 9999
3974 9745
4598 7774
538 5816
3301 7210
674 7121
107 8817
1597 8923
1388 9028
49 5069
4472 6362
2466 5086
4947 9934
4177 5760
4571 7930
3168 9242
4190 9844
4366 8936
1972 6725
1654 9744
4919 6936
3420 8448
1544 6629
2464 6489
2786 7170
385 9987
4865 8487
3757 6295
58 9906
335 6375
3056 9048
3700 6528
4050 9459
2119 6666
2709 8899
262 7421
4525 6914
3131 7023
2344 6504
2195 6495
602 8354
2530 7896
2004 7187
4430 5631
2623 9336
288 9125
97 8789
4862 9837
877 8969
205 5324
1375 6716
4891 7267
3445 8834
2145 8230
3602 8642
552 6448
4698 7690
2585 7269
2014 5592
2583 7147
480 7994
2158 7977
3237 5395
945 7312
4906 8471
4437 6659
681 6508
2742 9425
3269 8713
1630 7088
3602 7301
3470 9858
275 5259
862 6880
4197 9034
3060 8735
3013 6045
3789 7603
1299 6839
57 7357
2850 8198
4546 8287
1840 7146
1121 5683
736 5098
4730 5404
1726 7736
1129 8801
2113 7038
2399 7155
3373 9285
2618 9750
640 6789
803 5242
13 7812
2206 8896
4524 6125
818 7101
1232 5418
612 7672
2628 5367
1566 7623
3514 7118
2966 7181
4111 6091
1872 9749
1772 7539
1553 6236
3740 6621
4632 9931
1274 5902
1288 9685
3615 6633
1944 5760
1382 8947
1568 7922
4426 9037
2487 9331
508 7381
3867 7305
1645 7020
4095 7580
3009 5998
727 9645
4769 5648
1358 5107
3288 9909
293 9726
670 7189
733 9011
2631 8369
4090 9306
3140 8081
364 7489
4781 5919
740 8931
3792 7803
253 8739
1428 8076
2793 8554
1992 5746
1684 7755
656 6942
1106 6212
627 7460
2681 8180
3496 5003
1562 8587
4758 9426
4766 7284
3661 6157
631 5060
949 6015
153 7973
2993 8323
2375 7825
4032 7690
2305 5905
1471 5621
1771 5636
3838 7694
4954 5354
285 8034
1656 6707
4522 6709
4514 5167
1134 9808
4880 6145
380 5782
3974 8759
2094 8979
160 6955
3964 7687
182 5660
11 7988
967 6007
1403 7313
3302 7306
1394 5889
3658 7974
4446 6932
2119 9322
2620 8562
2072 6957
2889 7873
3251 6231
2357 5207
4922 8738
3758 9616
631 5792
1694 5626
1186 9523
3926 9869
4721 6976
3685 5523
924 9807
879 7597
3095 6495
132 9126
4447 7087
988 7001
1261 5322
3825 6581
304 9406
2256 9220
4014 9981
4130 5592
4814 8608
1663 7616
1284 7357
4791 5183
2374 5660
4961 6962
4458 8394
257 5297
3295 8145
2503 8062
4200 5182
1933 5026
1924 9354
53 6725
3611 6329
3709 8418
3847 8780
4553 8384
3647 9132
3036 7910
3021 5107
4239 8665
598 5321
1590 7927
2616 9331
1786 7860
449 7004
680 7040
3503 9866
4765 7643
4230 7318
2487 8950
1051 9373
4820 6418
4582 7414
1214 6102
4429 7554
3235 9410
771 5166
1391 7937
4919 7726
2494 8173
4155 9912
161 6827
1539 9995
4417 7674
675 7804
814 8188
4406 9846
3207 9261
162 7557
2184 5157
3327 6283
3303 6293
2347 5643
390 7990
1336 6437
2616 8263
958 7739
3926 7638
4304 5894
2749 5575
3811 6729
534 7466
756 6321
2398 5706
206 5300
1156 9436
802 7149
837 7884
1521 8679
1886 6149
2549 5872
1415 7152
733 7074
365 5120
1198 8417
2461 8358
1785 7380
4316 5724
4696 8198
251 9577
523 7128
2990 9038
426 5384
4700 6377
4253 9146
2511 8546
390 8627
2219 9325
1074 9711
2199 8068
2248 5831
1199 8246
3834 8500
2515 9066
3209 6831
580 5294
1930 6108
2196 5320
3137 8089
2882 9253
4334 5395
1815 8327
664 5587
3818 9211
1797 8114
3034 7021
3278 6783
3162 5383
614 6377
1466 8985
2490 6012
2210 8429
3380 7345
2625 7807
1457 7802
1970 5669
806 5434
2765 5359
2901 6135
4123 9647
3206 6498
4934 6788
76 9762
3743 6449
899 5005
4439 5817
4514 9589
1401 7559
4106 9609
762 8214
1064 6863
822 6756
3248 8454
95 9782
2428 7361
4301 6195
3862 6644
4222 9688
1223 5445
4332 7110
4473 8565
4416 9346
587 7667
2980 5288
2225 7160
2499 8627
3499 5509
3011 7693
1689 6786
477 9738
554 7053
2837 5960
4408 6906
3771 9402
3127 6724
3919 9971
962 5160
1275 7603
3576 9987
2033 6295
1752 6878
933 9186
2201 9624
1122 8492
2571 8948
1424 9464
1025 8251
1013 7529
4367 9969
1716 9554
3744 6464
1221 5407
1397 6295
1526 7453
2455 9617
2692 8112
3840 8410
3892 5671
1493 6664
1890 7348
2527 6694
2918 7469
979 7271
2059 6259
4673 7384
2760 9485
4886 9195
33 9204
1531 6878
3008 6239
4912 7779
1899 7843
842 7237
4360 9823
74 6335
4693 5323
2208 6721
4067 7889
737 7052
231 6330
2385 7837
2856 9670
4157 6269
4668 7770
1033 8287
1670 7739
4319 8296
566 5671
1973 6010
1820 9272
3079 7851
533 8676
3999 8629
4906 9886
1783 6754
1400 5891
3717 6402
434 6132
2423 6274
4425 6067
177 6402
2345 7158
1709 8384
1528 7603
2990 9442
1205 5900
567 6039
3356 7767
4261 9639
3981 5989
1397 9037
1560 7273
4544 7042
4168 8983
4210 8873
3927 6188
4872 9589
4054 6146
3144 7752
2520 8190
646 8499
1963 9436
4271 9065
4174 7736
4841 6542
3748 7896
859 5992
1111 7264
3629 8082
785 7380
4453 8084
1416 5550
1518 5711
301 5131
2547 5643
1839 8098
3398 5537
2438 7809
1632 6357
2697 5352
1451 7487
3112 5051
2903 9966
2682 5704
2986 5621
1902 9069
2406 9014
1971 9231
4727 9036
2338 9419
4747 9867
1361 9316
3236 8325
110 8288
1233 7404
476 7142
3645 7323
2383 5342
1350 5166
634 5900
1866 5813
4137 7006
1699 5588
4508 7350
3617 8438
3851 7287
4951 8770
1093 5341
4823 7641
4319 9078
2490 5730
218 8796
4190 6581
4353 6357
3251 6498
1844 9328
804 9346
1052 8119
534 8454
1313 9350
35 6264
1534 7313
2514 9209
3 9320
3982 5827
977 7898
4161 9844
2004 9679
1629 7465
3965 8679
2077 9360
728 6933
3739 9586
687 6190
4639 6425
123 5227
669 6497
1215 5884
42 8089
547 7524
2276 8434
2809 7556
3469 7653
3219 7239
4168 7074
2960 8840
2320 6468
2834 6794
4339 6971
4695 9018
3613 8428
2247 5148
3582 8452
3862 9862
1027 5762
2694 7269
2547 9604
1249 8161
4965 6350
3574 8283
720 9694
3121 7786
599 7031
3528 8055
4142 5012
4953 9725
116 6782
1012 6780
1911 5817
3524 8545
343 9038
2024 5026
1526 5005
1791 8500
2159 8270
3030 6019
862 7486
3455 5649
4074 6148
3310 7050
538 5388
59 6598
2730 7812
153 7043
3183 8103
3660 5603
2323 6990
1814 6941
1336 9931
13 5759
3799 5384
1313 5830
720 7752
3273 6134
2814 6620
2355 5924
3247 7759
588 6009
4801 6437
1108 5667
521 9584
142 6542
4275 5955
3557 7065
3832 8285
2968 5960
517 8486
4907 5045
4778 8055
626 7763
3746 6296
4623 8229
4915 8725
1846 5413
378 9802
1841 8125
4000 5959
1112 5436
4080 5252
3650 7935
4222 6008
3235 8278
3165 6324
4730 6426
1949 7744
1591 9538
3624 9829
1006 9482
618 7141
838 6933
679 6323
4562 9967
2612 7755
3071 7778
488 9267
1430 8869
3460 5386
843 8135
945 8713
2202 9268
1769 7257
2889 7026
4638 8248
4275 5255
262 6183
2901 8527
2684 5671
4099 9854
3757 6866
1672 6736
3536 8144
4481 6003
2381 9156
1115 9322
3670 7614
2196 6583
1004 5493
790 5573
1517 9941
4645 7631
3020 7655
1325 5176
3177 7633
3134 7725
142 5722
4421 5428
758 7517
2975 8650
3722 9836
2237 6278
2853 8163
1889 6476
180 6898
2881 7968
1154 7967
4057 6703
4676 5578
3439 9599
4392 9708
2329 6476
267 5794
3457 8468
3386 6292
2622 8321
4561 7912
4552 5286
4218 6319
1122 7390
28 8508
1366 5573
2117 6928
1129 5414
8 5651
3406 8772
1881 8577
4109 5307
663 6649
1488 6978
4833 7649
1195 7464
1163 6236
4874 7398
4760 5288
758 9996
3123 5795
3668 5478
1118 5259
1544 6693
3853 8843
3100 6484
4265 8928
3902 7179
1829 6488
130 8879
2962 6842
1127 8762
1072 5673
3260 5163
2520 8124
2705 6311
3178 7043
1669 8641
2394 5856
3958 8338
2009 5112
4285 8901
311 6702
1916 5982
2311 7450
2166 9527
386 7558
3891 5691
2609 7219
2217 7773
2303 8029
156 5915
3515 5422
3505 9489
1073 7610
3128 5458
4223 9689
3150 7501
102 8814
478 6698
2049 8794
3455 6486
579 7045
65 5663
746 5667
2605 7032
697 7315
2406 5048
1942 8938
2775 8622
3058 9997
4595 6147
425 6483
4485 9475
1066 9540
4042 9113
4448 7542
4909 7436
3708 6139
4942 6897
796 6438
1700 5889
2823 6094
464 8860
4645 8430
3215 6004
3733 5330
413 8270
1912 5862
882 8186
3188 7410
3972 8703
2290 6539
4244 7795
1501 9284
170 7949
2048 9906
1236 8719
3963 5780
1877 6708
3205 5354
3407 7254
3156 5943
4932 8812
2913 8965
2069 7862
4531 7050
4301 7471
2887 7252
884 6345
902 6720
1114 8682
2054 5902
4259 8115
4178 5296
1576 8167
4501 6174
1181 9131
4005 9268
319 5897
4980 5893
4506 7658
4654 6870
3528 9234
3654 5845
19 8808
3841 5957
3470 8450
3252 9284
4692 9417
1385 6669
4450 9914
823 9349
3507 6915
3897 6471
4350 7239
4688 6904
1015 5825
4505 9319
1353 8814
491 6671
791 5841
2338 9936
165 9073
4769 6864
292 8173
4368 8365
2992 9720
3705 7253
333 9449
468 6855
1344 8833
3502 9998
3909 5532
2340 8190
4116 7203
292 9881
2508 9645
4394 9453
451 9467
2779 9218
2663 9576
4906 8960
3631 8370
102 8949
97 9674
3632 5243
3666 6431
4836 7794
2540 8209
547 6993
1400 7871
2837 5152
3902 6267
3291 7556
4194 8049
3324 5953
1277 5481
2610 8683
4144 9003
2805 9130
1796 7138
2136 9287
4319 5964
839 5226
1258 9208
3244 9521
470 6466
4430 8976
3589 8613
49 5791
4855 7794
1156 5857
874 6420
4906 9205
3139 5428
2879 6285
2322 5364
3691 8062
4822 9619
4440 9516
3835 8818
2352 9677
3500 8989
3848 9932
4786 9391
3905 5546
1314 7215
3548 9692
4197 5880
111 7618
580 9553
3548 9277
447 7149
2742 5170
3830 8572
1407 5694
2276 6669
914 9768
3324 8611
4740 5640
2839 5696
1742 7998
4528 8139
1980 7615
3912 5663
2725 6402
767 8069
1752 5281
2730 6166
3224 6988
4943 5235
2264 6443
4593 8815
4918 8777
2602 6728
1622 5652
3687 6779
3453 9622
4464 5405
3640 9334
540 6189
2942 7474
1588 8823
4556 9471
342 9086
197 6424
81 5961
2867 9383
1511 6342
2541 6462
3672 7340
1964 5731
3022 5528
842 5654
111 5514
2633 7993
175 5219
4738 9080
1855 5271
430 5945
4714 7010
2815 6781
4475 6391
1149 6674
4499 5538
3870 5804
601 6801
2998 8607
1853 9113
4623 6711
3835 6804
1655 7342
4395 8314
3677 5284
3143 9961
2505 5959
2412 7660
982 5762
4780 5103
1588 5518
1588 9396
2169 9484
2365 9271
2464 6563
3838 6183
4703 8446
910 9450
4424 6058
797 7851
113 5281
4628 6259
2683 7013
1124 7916
151 7759
3348 6306
4818 6546
3092 9511
4305 5834
3548 7089
4872 6797
312 6497
4402 8225
967 8277
2532 9048
4913 9203
4635 5448
3765 6109
2242 6727
275 5144
4148 8048
2216 8701
2609 6668
921 7850
3677 7442
3387 5150
4647 6854
447 7789
3468 9912
4717 8216
4369 8011
358 8038
1937 9613
2024 8030
3238 9837
2071 5102
2821 5765
3867 6226
1022 9521
1943 7739
3038 7747
16 9692
2079 9673
4338 7439
3982 9941
2769 8809
206 8631
1440 5761
4422 9171
2268 8492
4256 9955
2397 7249
4494 6505
3136 7650
2677 8220
4735 7610
4402 9537
4350 7882
2719 7798
1869 6668
674 6469
216 9430
3090 7655
611 9660
2082 7332
525 6891
996 6920
2217 6749
3320 6777
4558 7293
4037 9518
3862 7160
4724 9965
3232 9993
4497 7795
2138 9731
3698 9793
4206 6632
2290 9517
3747 6001
4789 7393
1194 7853
4705 5607
3463 6646
1363 8675
1309 6055
392 6183
4419 7271
1741 7342
971 8476
3067 6303
956 9288
4170 8727
2165 8050
471 9997
1309 6456
3042 7152
1858 8800
2578 6913
3975 7321
4996 9927
4940 5271
1485 8465
4177 9712
2504 7726
1787 5941
368 6066
782 6133
1665 9028
2382 6664
4515 5307
940 9823
4748 7731
335 7084
3584 6832
1824 6504
4439 7057
3139 7490
399 9794
1644 8233
4993 6354
3750 8337
1365 7305
875 5809
1094 5763
3165 6202
3976 9170
4980 8163
2567 7950
893 5680
4860 8478
3513 9216
4928 5158
1016 6569
881 7677
3864 8935
2057 7034
3520 8527
1917 9468
3401 6073
2171 6308
4667 8025
3937 8466
1780 6341
3001 9129
2247 7327
2018 8943
2578 6324
1294 8132
3740 9239
2437 9645
3310 5050
849 9574
2721 5272
3373 6955
377 9141
4278 8545
1408 8653
2997 7170
3997 9726
123 5515
1683 8178
3874 8430
261 6205
398 8815
2121 9257
2310 8691
1309 7698
4173 6407
3011 9948
3938 6933
3943 8703
3923 5950
3285 9630
2444 9700
2906 5579
616 5690
2837 9204
4684 9141
3992 7385
2240 6380
3022 6478
2084 6818
4455 5800
3497 5510
1025 5058
2155 5174
4152 9345
3117 8785
1953 8308
3616 5035
2711 7193
4068 6989
313 8661
2126 9201
4669 6943
84 5772
4311 8948
2728 7336
2005 9707
3220 5657
1408 8505
3328 7894
1498 5297
1873 7915
405 8234
1372 6460
111 9506
963 5867
4114 8151
905 8237
4961 6111
4000 9758
1745 7925
3384 7548
4987 7037
1182 5151
3598 5657
2990 7936
1599 8299
235 7706
7 9733
1987 6905
1576 8187
2710 8456
3937 5206
4872 5320
723 6224
902 9722
1238 8565
3439 8692
57 7131
3196 9996
2668 7154
710 5655
860 7810
3118 7078
927 7337
365 8390
4783 8712
3428 5823
4884 9122
244 6593
1018 6917
4953 9824
4880 8430
2394 8382
2437 9872
1851 7771
4535 6298
2170 9575
2993 6060
4391 6014
1971 5964
2614 6854
1034 6279
1615 8103
3772 8267
3174 9890
3728 5688
1005 6936
1103 9329
4534 8155
2687 6546
2484 9755
1386 5305
2408 9199
1323 6285
1502 8035
2045 8591
1950 6365
3074 8327
4093 9386
3208 6826
1269 6644
2820 6666
149 8446
4321 6744
1305 9720
178 8686
2038 8851
3785 9399
2682 5032
3019 5980
4095 8778
3656 6473
1569 9068
4413 7481
2428 5782
414 5647
1704 6623
1884 5445
526 5542
3896 5181
2631 6096
1378 7169
3876 6655
295 6894
1298 7494
2731 9201
3110 7130
2010 8385
1103 9720
1043 7833
284 9802
175 6529
3239 7804
4484 9165
4690 7992
4780 6005
4760 9157
82 9124
1382 6691
2669 8286
1479 8174
946 9642
4668 9141
1943 6328
2376 6682
2518 6337
598 6735
3396 8710
3379 8756
3977 7258
3014 8542
3702 9530
2859 5837
3559 6009
4995 7685
2315 9554
850 6421
4798 9963
2923 6366
4928 7807
1299 7288
3951 5706
617 6246
4496 8204
4992 7122
2264 9916
1912 6691
3231 7416
2895 5628
2309 6385
203 6024
3945 5933
1213 9154
2862 6132
4233 7319
1640 9308
4813 8605
91 5558
4813 5196
2277 9888
4767 6655
1148 7831
293 5503
3293 5177
1980 6897
4075 5320
2642 9407
2028 7214
957 6321
2956 5432
642 5266
1298 5112
914 6786
3512 5755
4114 5465
4112 5046
3014 6883
1898 5153
2584 7288
2070 5263
3638 7131
1218 8484
4872 9039
1279 6040
3421 6033
4193 9872
4047 9456
188 5871
2464 8648
3897 7122
4685 7204
1902 7269
888 9586
1285 6951
3862 7296
4856 6469
917 6818
2662 5690
4501 9141
4073 8318
421 7571
3060 7939
4378 9514
4242 9516
2377 5470
1436 9694
3642 5658
844 8781
698 8042
4829 8278
4502 7732
4795 8650
4904 6036
2819 9169
1954 9904
885 6356
2926 5646
3119 6471
2701 9420
4908 7266
639 8685
755 5686
3984 5350
2416 5783
1423 7544
1266 8066
1474 6955
533 8379
3103 7038
1011 5627
4774 5853
1128 7046
3743 8306
1187 5725
324 6189
1663 6245
3847 8064
1561 7782
4890 5087
30 7160
1033 7991
3575 8561
1583 9402
192 6182
566 6602
1760 7215
2245 9044
4300 7103
3316 5754
266 8306
1931 5584
992 7484
1522 8075
3374 7670
1324 5853
3163 9270
460 9044
1655 6766
4343 6107
1845 7783
3059 7700
3659 9578
3952 7709
3385 6842
2905 9472
2216 5208
4369 9749
2233 9698
4548 6594
1448 7143
3360 9055
3208 7449
1396 5527
1554 5350
488 9011
2014 6714
3579 6878
1422 8418
4904 5665
3945 9139
3932 9029
4300 7858
807 8851
2684 9719
2525 5554
2984 7308
1078 9175
727 8654
2410 9074
3800 8274
2728 5276
4468 8956
4180 9076
3565 9721
3314 7304
1191 7480
1712 9475
50 5919
2713 8580
1813 5143
1908 8473
4704 7483
2558 6316
1331 5805
1285 8749
256 8735
4925 7543
2678 5027
4596 5196
119 9258
3548 9320
2046 7231
5000 5647
171 5208
374 9192
2371 6893
2031 9066
4717 8352
4959 8251
2898 6672
3190 6010
2506 5073
4553 9086
3227 9762
2941 9099
594 9889
4460 5209
3120 6826
2135 9907
3267 8225
986 7406
4871 6421
316 9324
2113 6274
4307 7590
3403 8757
4034 5830
2070 9889
41 8241
2812 8721
1181 6871
2559 8943
2620 9089
4527 8146
3583 5308
3371 5636
392 6667
4007 9876
2633 6517
1668 9516
190 6726
2217 6361
4699 5332
815 7221
2010 7158
4910 5451
4232 7326
486 6188
2190 5345
218 9577
3949 7223
1537 6259
4088 6873
3700 6082
4331 5510
4767 6603
3391 8028
2367 8026
1845 6055
28 8667
1216 9613
2504 7188
4129 8042
732 6334
2036 8952
1166 6834
2032 7970
3875 9105
4143 8979
2650 6075
3536 9242
3451 9703
891 7913
1692 9506
3949 8950
1731 5502
1731 7783
3408 7759
3093 9218
1587 7132
2505 9967
429 6627
1768 8784
2658 7865
1452 7352
803 7024
4110 7193
2862 8063
87 8015
2688 8994
4191 8452
1185 6597
4964 7635
4480 9349
34 6610
571 9746
89 6830
3549 9635
1780 7212
199 7573
947 7848
1002 6419
4804 5759
1080 9088
2525 7202
3549 8291
4012 6402
480 9060
4289 6702
2436 5457
4045 7348
4462 5599
503 5974
2937 7477
4813 9908
1638 5554
3501 5112
4898 6961
4911 9988
2799 9203
4499 5560
3412 8210
191 6671
1031 7450
1092 7616
2248 5325
4125 5812
3554 8922
4118 5429
2712 6869
4945 7304
3215 5785
3080 6973
1103 5673
545 6778
4055 9522
3908 5140
1553 9116
918 8209
3834 6942
2993 7648
4627 9498
3804 5071
3814 6196
680 6649
1966 7176
148 7858
1419 5026
808 7837
2418 6502
4218 7037
2512 9771
1971 7229
3100 7484
2864 5110
2699 7023
1595 5397
3898 5077
2466 9291
349 5971
433 5978
3038 8199
1207 9337
4089 8639
1401 9838
2087 9188
1898 9624
3985 7869
2543 8945
305 7106
1392 9625
4844 9633
1530 7828
1579 9728
1223 8897
1073 7272
3891 7074
1365 9291
881 5406
1339 6097
844 7013
2039 7262
2448 5083
4402 9109
616 5969
2195 8027
2872 8868
2584 5774
1469 9543
2241 6433
3577 8768
475 6148
2413 9294
1375 7747
2717 8523
623 8585
4950 9314
4961 9273
3707 5816
209 7179
4553 6366
1017 6783
2920 8890
833 9707
2817 8429
3983 7912
2714 8585
3061 7603
4629 8920
4033 9169
1712 5662
578 8975
3753 6608
562 6558
2054 7900
1587 5271
1881 6466
2195 9602
3512 8909
4750 8604
1600 9553
1302 5380
2400 8143
656 8769
706 5256
4086 9437
3737 9999
546 8397
3733 5619
1718 5851
37 5877
3272 8102
3114 6824
3820 5285
742 7678
2794 9581
1018 8677
2303 6776
2731 6503
596 5194
323 5952
3442 9257
2014 6963
3827 9005
981 6765
2260 9838
1017 8295
2183 5773
1693 6419
3986 9395
3956 5444
2413 9894
3379 8528
1738 7326
600 5906
1408 8098
2570 6888
1406 8095
3708 5261
4483 7216
1895 7074
4593 9626
3673 9464
3917 6063
3254 9379
3833 7069
3258 9991
130 7079
4177 5793
2995 9881
2441 6062
121 7261
3496 5608
2993 7798
265 8336
4593 6586
2185 6047
3259 8597
1515 8880
1712 5222
200 7336
162 5070
1422 6657
4454 5747
2791 9020
1456 8304
2026 9778
1018 8516
4205 6247
3320 8812
774 6034
4913 8911
1666 8705
3069 8959
2029 6180
3607 8200
2086 6083
4002 6055
4316 9511
3172 9865
4133 5752
454 8380
4100 5605
2844 9100
3282 8167
4188 7762
1692 6736
3331 5371
3682 9037
3626 7449
3545 6618
1207 6997
1127 8659
4515 6808
3663 5267
2105 5102
4657 5555
492 6785
1714 7460
24 8797
4126 6420
3341 7072
4508 5444
1496 9947
1528 9681
142 5207
1036 6921
871 8539
1929 9546
3827 5909
2430 5940
3211 6652
4039 8623
256 7761
2273 7910
1476 6861
539 5477
1059 6925
626 5749
189 6801
2393 8908
2830 6305
3216 9119
3925 5165
3963 5400
2455 8593
3025 5979
1722 7168
4851 8683
1956 8969
1383 8017
4154 5499
696 6621
4077 6395
3070 7391
495 7036
1193 8574
3156 7124
2858 9286
4569 9059
4189 9210
3990 8581
2664 5553
4083 5330
3945 9946
2239 9445
4253 8982
374 5155
4366 8104
4898 6521
2222 8034
3324 5876
1621 8005
4611 9801
1017 7095
2690 9991
4372 7600
2423 8960
2423 5820
4134 6017
2947 9096
2077 9285
270 9340
4961 6027
4224 6590
1765 8005
701 7669
3172 9407
479 5701
3596 8478
98 9283
3955 6174
986 8121
3326 8894
1112 5329
4555 8055
3654 9634
970 7396
748 6376
3796 7287
506 6866
2963 7962
932 5855
4846 9339
4137 9243
2094 5854
1631 8459
4775 7958
240 9768
3524 7337
1882 9327
4370 9036
1341 6968
3269 6503
3747 8751
4660 7173
390 7244
3798 9650
4147 7831
1389 9796
3376 9298
348 5857
127 5016
3797 9353
4948 7241
2281 8304
4107 6744
4943 7292
863 6301
1140 6275
2504 6234
688 5129
3330 6063
3099 5202
795 5727
3871 9404
3261 5076
1637 5830
1249 6291
3956 8382
654 8911
1395 8606
580 5919
1179 9389
1255 7862
1781 8878
1387 7771
2864 6191
57 7843
4182 9170
105 7778
842 6119
3675 5807
1137 7558
2489 5671
1573 5478
1210 9339
4005 7311
778 8405
1008 5248
3595 7366
3250 5430
4498 8715
669 9005
774 9664
1971 7554
4983 7541
4094 9066
3322 6389
2158 8484
1544 7704
2309 7644
3874 8211
3019 7988
748 5873
4765 6024
1098 8572
178 5314
1127 7116
386 8911
1347 6801
2857 8714
3103 8867
4030 7054
4813 5935
1527 6702
111 7344
1583 5187
3436 9652
272 8127
1022 7713
3690 7624
3276 6717
4121 9310
1325 8562
735 8090
578 9297
2592 6948
1256 8883
4173 7474
2144 8759
137 5092
4796 6166
3758 7249
2642 5790
2373 6583
3103 5454
4560 6451
1264 6670
2443 5968
944 7137
3783 7965
2508 8243
3375 7756
4569 5105
963 9253
4007 6891
2500 7668
3946 9306
3354 6994
1142 8590
1718 9367
1311 7082
2880 5461
2003 5423
1988 6299
551 6448
1099 8430
4372 8092
4722 9042
3670 5275
4847 7842
4326 8468
240 7200
1845 5936
3700 9942
4286 8866
2820 7349
139 5423
1826 7705
1228 5471
862 8887
3890 9798
3823 7290
4074 5741
2904 8405
4877 6939
3018 9625
3263 8054
920 8585
4504 5221
2460 8412
1639 7519
4883 9117
904 6081
4610 9059
2866 7676
2144 7501
1215 7713
3725 7746
4814 5239
1131 8189
294 8700
1225 7079
894 5485
119 8558
2101 5208
4305 8314
814 7797
868 6105
2292 6526
3876 9896
4811 9664
3271 6572
2353 7402
2328 5460
717 9422
3905 9690
4350 5065
4202 8362
3441 7742
4395 5465
2032 8692
15 9452
2367 9828
2648 9262
2130 6219
1607 6874
475 9288
2258 5207
3502 5042
1121 8967
1626 6859
2394 6392
3099 5646
3370 5668
4294 8285
89 9667
3890 6554
4345 5516
732 5468
2574 8284
1725 7975
4420 8542
2290 5682
3451 5794
415 7156
516 8205
4330 8705
2606 9310
1861 8095
4126 7711
2248 8141
161 5831
4409 6542
4199 5211
4346 5609
235 7891
4941 8630
241 5277
4504 7603
1724 8050
1512 9846
225 8573
945 9960
505 5380
28 7991
576 9956
1268 5218
2211 8323
279 6365
157 6222
2286 9740
1739 8519
3536 5789
4173 7421
4159 5251
461 9750
2415 6893
1579 7701
129 9946
4645 9823
4121 8330
2150 9174
455 5417
1240 7934
3025 7352
162 7625
1620 8186
4570 8394
1484 7477
4977 8051
2458 8832
1428 9864
3402 6048
3428 8420
1176 9711
1576 9769
1671 6080
4467 7684
412 8556
756 9724
4803 5271
2626 9134
545 5129
353 5110
1479 8364
650 8522
1118 6803
4065 5088
2556 6864
443 9607
3794 6312
1682 7839
4755 6549
2361 6341
4693 9292
536 7851
453 8284
681 5913
4752 9592
1621 8049
418 5245
1831 8804
4575 5224
2173 5328
3235 6779
1900 9508
3367 7456
3497 6898
734 7461
2462 9529
3607 8264
2841 8301
2876 9397
10 5170
3943 6703
2394 5781
1015 7011
2217 5981
2593 8501
1769 7780
4312 5791
2490 7507
4518 9109
324 8966
3355 7365
2851 8080
3786 9663
17 9514
1299 9144
1706 6007
1288 6995
1115 5733
437 5965
2575 7370
414 9022
4747 6036
1739 9459
3246 6926
1340 9836
3734 5696
1519 7900
221 9316
1250 8892
52 6132
902 9385
409 7334
3729 7395
3315 7174
316 6084
644 6910
2357 9244
3045 6995
2778 7662
3637 5799
4488 6692
2262 8849
3582 8730
3859 9616
2476 9498
3490 8741
3237 9817
978 5185
2772 9661
3592 9612
902 7416
3306 9076
4464 9162
947 7872
1148 6187
257 6828
1904 7331
901 5785
2792 7172
940 9315
1494 6226
907 9323
3438 6822
1737 8189
2755 6730
3836 8571
683 7173
1777 6238
3718 6241
1519 6203
2891 5527
4964 5521
877 7035
2030 7857
959 7519
355 5883
1211 6367
859 8876
4670 8172
1706 7830
4021 6583
548 5040
2121 5407
10 6509
1622 9690
2651 6796
2062 5580
4809 9230
3207 6027
4269 6636
316 8295
1311 8590
2068 9877
1623 8752
1843 8916
1918 5578
1668 7983
3790 5899
1027 6123
372 9313
425 6531
3700 6718
4734 6214
1208 9356
4499 8069
4096 9316
910 5014
2420 6772
3097 9836
2806 7268
4968 8667
3541 7779
1965 6455
4045 7159
2350 7051
1113 6716
1226 5734
2128 6552
932 9769
3303 7962
4653 9557
3970 9578
3939 5996
2755 7173
1451 5717
3046 5885
432 5367
549 8039
4966 8283
2710 6156
5 5808
2191 7391
2024 7740
4790 7846
527 6294
3631 5221
436 6672
332 7515
3072 5909
3895 5001
4825 6101
2136 7516
4226 5299
682 7923
2507 7739
516 5227
1057 5452
377 9226
495 6887
1981 8768
3906 9515
4156 6166
4043 8551
3212 9764
1910 8258
3331 5869
1221 5339
2026 7854
4521 7200
1647 6776
3677 6975
917 7122
668 5240
448 7010
4931 9966
1871 7792
3289 5371
3836 6031
4657 6129
268 7273
2549 9191
1112 9523
1007 8505
3763 5358
2496 9647
1749 9985
1405 5352
1187 9994
2126 6623
2313 7665
373 5405
3816 5747
862 8688
3983 8530
1617 9551
709 5600
578 6918
4925 7484
2012 9456
1799 7371
888 8852
1827 9908
4136 8833
483 5620
1737 7944
2870 5298
2777 9500
1312 7553
2848 7869
3170 6302
4392 6183
2877 7619
609 7447
517 7535
1517 5860
3223 6285
4223 7990
661 7421
4790 7209
811 9386
434 5563
4144 9530
655 7727
2466 7198
751 8643
3011 9238
244 6747
4044 9202
1176 9634
1777 6141
2958 5561
1705 6043
3816 7942
4397 5787
3226 8829
910 8404
1165 5860
1971 7776
1711 9389
1810 8339
3563 8506
626 9279
2566 6486
3535 5879
4519 7315
865 9587
3798 6596
1741 8057
1476 5782
1708 6657
457 6575
1496 6368
2320 8300
4413 6365
815 7632
4804 9186
4526 7389
1604 9019
1810 7047
3706 9778
2987 8088
1784 9723
2018 6867
4574 9161
2803 8817
758 7246
1717 6854
4683 8477
3080 8916
1459 8249
2066 9991
2337 9075
3373 8921
384 9403
3289 6783
170 6692
4728 7116
1361 9884
2083 8525
4283 6410
2689 5554
2149 5453
83 5679
3720 5270
154 7908
2989 6449
1901 6409
4943 9678
687 7760
2818 7266
1049 9464
4313 6937
1776 7237
767 5165
1289 5047
1340 8391
4350 9237
2176 9998
143 8750
4194 9733
373 5596
4618 8283
1697 9822
1592 5470
2651 8079
1404 7989
429 6575
3066 8812
1546 7755
3285 5477
736 5967
4192 6677
2597 8882
3653 9683
1733 8181
613 7987
2462 9580
4147 9203
4187 5299
2225 8895
1745 6342
4286 6292
2175 7677
1513 5599
24 9565
3384 5625
1130 8995
4655 8017
4832 8334
887 7117
737 8286
2047 8333
4303 5913
684 7327
2808 8127
2491 9220
1480 6582
3990 9019
4935 6854
132 8932
2260 9701
4640 6728
3775 7833
3289 7465
4278 9189
1925 6615
3758 8446
1607 6565
3288 5409
4212 6374
2692 5568
1294 8575
179 9665
219 7133
732 7082
602 9643
837 6681
745 6115
3104 9385
576 6845
1337 9900
397 7229
2774 9692
2515 5220
3594 8403
3946 5630
3275 7097
1462 9475
4177 8208
4827 9496
3291 5214
2419 8357
2874 8626
4148 5265
4908 8949
4019 6013
2025 5234
36 8239
953 8002
4619 5922
2966 5566
4482 8554
1351 6677
3573 7028
3381 9784
2168 5897
3787 8460
1939 7494
4118 9601
317 6602
3284 8135
4616 8907
753 8540
1126 9668
2490 9064
3557 6759
3195 8665
3355 5713
2749 6933
4364 6602
198 5443
890 6518
887 7706
4187 8827
3124 9272
3755 6971
3607 6086
2345 5859
3686 7981
439 5223
1753 9565
3114 9515
2649 9141
4017 5804
2391 5566
4699 9357
638 9056
2598 5057
1126 5539
525 8436
1209 6596
4009 6073
2051 9109
3624 9440
4712 7453
759 6936
4452 7246
3324 7411
809 6779
4949 7010
665 9165
1129 5745
595 8145
3977 6687
3072 9126
2061 8932
4378 5177
3122 9219
3957 7140
244 8326
3856 9895
3478 7934
4749 6298
2958 9368
2061 8746
3092 8076
4179 9370
806 9086
1471 9710
3770 6013
488 9090
1681 5368
1501 8908
2116 5349
3872 8724
3472 9944
1234 7340
332 6230
2600 8385
1377 8947
3386 7335
1948 7082
3883 8141
4803 7847
1888 9297
34 5397
305 7089
3166 9006
2293 5469
1540 5691
869 6894
628 8762
2093 8267
2038 9849
2150 9731
477 7845
1136 5326
4811 5873
1140 7007
2401 5299
339 8551
262 5362
3323 7146
90 6880
4457 9365
2404 9877
3423 8724
2346 7584
2496 5234
491 6536
1405 8388
363 7691
3486 5724
4143 7851
4351 5038
4274 7375
2254 8423
2671 7587
713 7753
1016 6931
712 9317
2386 5786
2343 7943
1332 7260
1809 6790
632 7168
1864 5150
1986 7594
2012 6287
4740 8637
1040 7248
4941 6332
2170 6550
2021 6481
4889 6187
4215 8902
2849 8421
495 7492
2199 6643
2987 8656
3647 6222
974 6368
715 5189
4630 6633
4538 6198
2062 8309
1580 7637
918 7456
4283 6636
2111 6243
4365 5296
977 8637
2852 9130
2971 9209
4521 6396
3155 6453
3624 9355
4605 9836
690 6262
751 5173
2512 6247
4619 5343
4987 7435
2658 9994
4874 6584
607 6344
4688 6847
3927 5328
1022 5334
890 6329
276 8313
2807 5138
4024 7758
2225 5868
4082 6997
3535 8598
2351 8166
1534 7107
202 6649
4164 5195
4145 6266
2027 7931
362 9349
1235 9115
4406 5460
296 9385
4892 9844
2129 5945
2758 9669
185 8915
3774 6751
492 6035
3069 9156
1598 6532
3067 6050
211 9307
1545 7948
1533 9903
3653 7870
1827 7941
531 9188
29 9863
725 6660
4292 6389
546 6867
3998 8590
4657 9655
2130 5776
3425 9015
4879 6050
3715 6217
4319 8394
710 6522
2570 5689
4423 9388
2162 6948
698 6180
2087 7580
148 7268
4931 6167
1572 9842
4531 9023
3460 9629
4721 8390
3464 7468
3543 8726
42 6465
2776 5004
257 7264
3643 8140
4366 9918
3431 8976
4798 9268
2644 9298
2492 9399
3990 6630
3688 7634
2279 9723
4496 6259
3467 5129
4404 9073
1396 9646
137 7933
817 5954
755 7865
3157 9590
4737 6301
28 6802
3686 9592
3337 8049
2694 8633
3275 9907
561 7636
259 5381
239 7590
3765 7816
3740 5323
3363 6028
2661 7900
4616 8356
2206 7803
991 7346
768 8709
840 5271
4279 6675
3085 5336
1281 7310
4749 7489
3106 6287
2326 9664
4392 9504
1495 5055
361 7470
4835 9673
3684 6708
314 5502
1836 9524
4072 8553
4534 7743
4841 8133
1816 9276
1608 9877
498 6790
1552 7426
3856 5601
355 8740
1816 9873
4199 7057
1160 7552
4511 8591
418 5047
4409 9785
2365 7744
971 5612
2178 5812
2189 9531
2535 7314
2191 6578
2062 5735
3330 5910
1558 7731
4608 8814
1357 9811
2935 8764
710 7447
4197 9521
653 6811
2358 9472
1534 5264
4769 9770
2917 5780
4362 9576
1295 5770
223 7607
3673 8103
1823 9887
4350 6341
2969 8800
3548 8204
3549 9830
1612 9929
2735 5101
2044 9561
3256 6144
4960 7104
2931 7903
4175 5359
4797 7102
2873 7921
4081 7320
3663 7797
1721 9716
2851 5638
2977 6486
3208 5573
3975 9291
4695 9909
2261 6184
2184 8823
1504 8816
4298 7370
1276 8066
4852 9022
1533 9752
927 6855
1421 6363
204 8552
826 6944
683 5830
1489 9912
1321 8380
2057 7397
1552 9885
1343 8778
1725 6863
4528 9799
2611 8519
2576 7815
3522 6837
393 9648
3118 5964
571 6983
2725 6316
2073 5642
89 5202
1197 7345
1828 6329
2273 6746
3714 7271
1344 8434
2180 7912
3989 5373
2804 8433
4202 6746
4943 7607
3755 9683
3950 8696
546 6395
3232 8370
253 5101
573 6431
4238 9580
1490 7301
1749 5981
67 5970
4896 9144
359 7396
2909 7797
3124 7606
712 6764
2260 7207
3452 5312
3442 6600
519 6998
841 5967
72 9803
3994 6312
2431 5949
2917 6008
4620 5314
3882 8510
2883 8852
3331 6992
4210 7913
802 8751
3288 6940
2688 6816
1995 9831
4549 7740
3978 8522
4814 9094
4447 6622
2224 7733
2211 9960
1880 7077
713 7830
4965 5250
344 9586
3583 9152
2978 9101
4820 9327
4544 6729
459 6261
3619 6460
2199 7646
3762 6971
4505 5939
660 8318
4290 6420
3578 6914
2927 6561
1197 6194
4026 8236
4455 5711
3085 7383
2994 6703
4209 9727
39 8960
4363 7813
3703 7405
2606 6616
1941 6654
2741 6127
2096 9286
4714 9906
3467 9619
4605 5352
4659 7215
4092 8348
4776 6702
4735 8585
3582 5026
531 7403
4300 9961
1871 5187
2838 7261
2657 9100
3058 7758
862 9658
1548 8581
52 6497
966 6829
4497 6024
3623 7067
3985 9965
1117 8441
1788 5383
1503 5087
4367 9143
2884 7949
4253 9699
3198 9189
2686 9287
4151 9378
3057 6888
3739 8307
1533 7828
4056 9036
730 7966
1443 9920
2199 6767
1732 9207
2270 9117
1273 9877
3779 9609
1532 7131
1171 9462
3223 6507
427 9057
613 5575
135 8276
4857 8813
555 7519
846 5745
4322 8529
2629 5295
4979 8975
3363 7853
1581 9850
2122 7997
3664 5157
3866 9503
3416 8133
4422 6207
1392 9739
2718 6641
1549 9455
3827 8513
1666 9456
247 9330
3785 6938
4459 5983
2104 8822
63 7515
1337 8513
1318 9700
3235 5737
698 5091
1563 6608
1239 9845
933 6001
3812 6737
1655 8858
114 8080
4606 8464
1292 8437
4122 8919
3048 6350
1119 5009
144 9782
2314 7499
3529 9640
1055 9240
4210 8891
4370 9851
935 7722
3707 8518
313 9415
4919 6575
83 5029
140 7647
3154 8686
4318 6000
2968 7622
3971 5067
4072 9810
4952 7122
2596 5309
923 6749
3741 6568
1957 9531
2020 7004
1255 8142
4515 9285
3023 6653
2793 7212
3824 7203
4664 9268
1671 5618
1920 6108
248 5183
4592 8908
1205 5789
207 8651
2205 7169
4547 9351
231 6942
2837 7479
4885 5173
4378 6448
4130 8390
807 8269
2659 9062
2716 6922
161 9409
374 6548
4477 8686
4396 8043
3901 7735
2094 5090
1299 5509
2852 5982
862 6686
2746 6824
4787 6676
177 9359
3979 5103
1193 9900
504 6999
4607 8007
3922 5940
2465 9632
2761 8976
2969 9510
158 9296
3037 7595
2065 9005
1256 6708
2374 8419
4322 7919
1439 6023
4825 6771
1205 6830
4344 6138
450 6254
3086 5447
1809 8637
2128 9164
4552 9398
3785 5957
371 7528
1250 5019
4809 6039
2161 9345
989 6101
2688 6458
2856 8282
1138 9626
2028 9089
185 6898
132 8173
3974 7896
790 8758
3228 9428
1812 5030
2739 7273
2155 9751
4605 5693
563 9234
4357 6114
215 7761
410 5116
264 9173
454 7042
1989 8863
2167 8965
1546 9076
3756 7368
3811 8336
3598 5101
3751 5275
4065 7963
486 5718
648 8011
4150 8994
2593 6622
4997 5771
4846 6385
537 8404
4489 7416
534 8998
4915 7580
142 9958
1204 6812
1738 6567
598 5014
4598 7499
3886 8509
3844 8110
1230 6739
3655 6900
4539 8260
1802 7385
144 7062
4222 5404
3189 6953
3040 7560
1912 5965
752 8889
4893 7830
3335 7059
4496 5524
725 7989
2751 8294
2929 6631
2226 8532
2885 9570
1107 9866
2851 9651
3962 7362
1746 6224
213 9212
816 7359
1799 5652
768 7133
3669 5303
4122 6812
2740 6931
3748 7830
1055 5627
4938 7889
4064 7813
4966 6304
4093 8787
4388 6635
3668 8012
4672 5719
4672 5020
2938 9987
4752 7878
252 7531
804 7626
3425 8180
3405 8907
2807 6423
185 9409
3709 8158
2156 9616
1752 5975
2081 9892
2338 8261
305 9472
2184 9855
3258 5726
3399 8047
4336 9440
3826 7470
2435 5377
4291 6152
3276 9604
3815 5752
3006 8217
2975 9459
317 6865
1935 9637
4200 5710
3733 8983
1896 7107
941 8529
926 8648
4971 7435
3705 8893
706 7924
2037 7634
2466 5993
946 9594
4833 6865
2419 5645
2544 6007
4834 6984
4295 9523
3318 6713
3924 9070
2144 8805
2652 8417
2717 5633
1281 5608
2914 9981
1350 9816
1845 5635
1321 9346
2809 9265
1866 9438
4934 6622
4396 7131
446 6789
2481 5921
2936 5483
653 9002
230 7018
1217 7421
2267 9351
668 8605
1493 6486
386 7411
4887 7524
757 6316
122 6717
1611 8006
1659 5760
426 6571
4433 9669
4144 8817
4214 7525
485 6483
4255 5517
2412 8585
787 7350
1041 8865
2395 5087
3631 7837
4913 8075
1776 7273
4957 8392
4583 7231
4773 9442
1434 5685
1634 5193
4732 8330
426 6880
3460 9907
433 9282
3636 9392
4665 7963
1319 8553
1501 6059
1609 6469
4161 8357
2195 9311
3811 6403
2280 9867
297 9591
1102 6515
4143 9611
4664 7154
1209 5205
55 9939
4792 7312
2166 7058
747 5825
3483 5715
4515 9432
3035 7267
1021 6532
278 9590
2923 5415
2081 6979
3406 6172
2954 9670
2884 5146
1489 6732
4449 8015
389 5093
3961 5187
4440 8981
635 8393
2677 9311
4188 9177
4090 5109
4433 7399
2011 5899
467 7165
4829 6983
1927 8107
1326 7107
949 7762
2683 6756
1891 9440
1577 6722
4436 6046
58 7363
4012 6153
2748 9125
1584 8025
3464 8021
1543 5779
2640 5671
2885 7110
3266 8529
1892 7316
1139 5104
515 8980
4779 9937
2531 5330
1834 9355
53 8837
2900 7456
2150 8001
3029 6061
3078 6697
4515 7168
1163 7514
3905 6507
4751 5710
1905 6486
1798 6473
2135 6643
2633 7271
3718 7440
4355 9337
4217 8291
755 9230
1265 7032
3329 9342
830 8824
64 7018
447 8734
4967 6739
3606 9531
161 9707
2897 9036
2152 5924
221 7610
3136 8748
2724 6484
3893 7741
2615 7925
2882 7646
485 5320
2328 7169
2798 7699
3391 8020
39 9959
2663 7667
4801 8955
2513 5583
10 9009
3300 7626
2125 5098
3295 7867
4586 8669
3502 7332
4462 6168
2835 6873
303 5597
4674 8899
142 6483
3951 9942
4997 5732
2970 6658
3286 7866
2506 9303
1784 8434
4751 8943
1151 7316
3810 5437
4792 9489
4342 6808
2057 6236
2373 6997
463 5551
4906 6753
2314 6642
3880 8123
2576 8888
2342 7686
2552 7800
1122 5068
2791 7434
2225 7349
1925 9945
1770 5124
1648 7777
4797 7529
4574 5949
4506 5925
298 7861
4777 8717
4930 5666
3361 5161
2584 8953
2976 6290
1113 8934
4508 6927
3750 7112
643 8494
3873 9127
4224 8831
695 5156
1060 8086
462 6054
1517 9305
3867 8059
37 5755
4910 5767
67 8693
4190 8146
3315 7363
640 5994
4023 6028
666 6745
4203 9491
4553 9148
3540 7524
4830 6300
4731 6221
4651 8572
1243 7586
4499 7687
1988 5851
2110 9802
3438 5066
2226 7694
279 8733
1778 7637
4026 7243
789 6515
4684 8645
4661 5336
3510 5684
2634 6033
700 6596
488 7027
3009 5973
1569 6941
2424 5705
2377 8771
1924 7431
4463 7734
2116 7697
282 8346
4774 6904
2438 8010
74 5706
3956 8533
2598 9233
4108 7055
3478 5255
1548 5358
3619 8286
1852 6759
4984 5698
3641 5478
2905 6827
3599 7131
3559 5431
2533 5951
417 9175
1093 7961
2474 6980
188 7717
4629 5850
1367 7060
468 9702
3452 9361
4124 7964
2392 5133
1603 6234
437 6073
2976 7302
3606 9346
1205 5675
3192 9943
817 9641
133 6545
1395 9159
2194 5765
580 7195
1211 5956
1114 9895
4178 8097
3851 7899
2520 5521
2670 7965
4664 7604
4440 7356
4582 6124
2069 8016
3577 9337
171 8049
2431 6295
1883 9993
4095 6936
4927 7616
3147 5014
3388 5720
3762 9836
3764 6049
3644 6485
3343 6892
3192 8717
2443 5943
37 5559
511 6395
362 7246
295 5733
2233 7768
2946 9458
340 9836
3712 8543
1391 9795
503 8799
4460 8487
4744 5173
2861 5597
4957 6512
485 7150
3940 9339
1146 7959
2135 8305
1685 7003
3920 9170
1662 5293
1027 9533
96 9603
202 9431
3108 9375
1378 5771
2615 7958
645 8624
952 9199
344 5091
2164 6258
125 9489
4987 8393
4810 8849
4867 7690
2179 5664
2407 9303
1221 9192
3220 9414
3979 7655
1533 6997
2990 7278
1048 5829
3166 7830
1612 6321
788 7492
1997 8991
909 8433
2421 5256
4436 6853
2618 7601
4146 8463
1583 5960
2638 6477
4900 7465
1506 9893
2151 5714
4861 5198
1528 7282
1775 5974
44 6919
2599 5323
4902 7792
884 7105
3253 7995
404 6047
1312 7615
2105 6833
3743 7646
203 8709
4854 8351
3363 6671
521 6771
1826 5781
2708 8560
948 9723
4265 9832
4609 9770
4145 7049
292 7420
3000 5263
2525 6533
3466 6319
3174 7645
3332 7327
4451 5996
4364 9385
4871 5023
1821 6709
108 5316
4341 5820
3168 9357
4588 8554
2109 6970
3451 7549
903 9421
3193 7325
2885 9850
4737 7317
935 7262
2576 9138
527 9455
1345 8757
4000 7902
1059 8657
4740 5903
3853 8102
1943 9504
3163 5974
2029 5504
1230 6526
800 5322
1269 5056
1558 9624
3195 7285
762 7004
832 7526
802 8856
1384 8077
4629 7392
2164 8619
1430 5249
592 7392
807 9889
1389 8008
2278 9710
2255 7603
166 7706
3455 8547
2811 5457
4089 8250
826 8395
3233 8726
4569 9556
4766 5136
2669 7557
3677 6848
2994 7457
4384 6847
2626 8102
4301 7545
479 5925
1471 9036
3013 6243
2650 9718
4470 8428
776 6551
1955 7791
4431 7609
4964 6463
3602 5987
3890 5392
4830 7469
4469 7459
3539 9560
3818 9961
1602 7984
1206 7231
1938 9261
2752 5955
4872 9392
2639 9392
4798 6668
4955 6934
2425 9369
477 8877
978 7572
2453 9811
2211 8421
4280 6484
1598 7187
116 6126
3401 6600
2309 6324
931 5811
2667 9521
116 7683
3552 7936
4043 6176
1644 6923
1107 5321
2705 6110
4889 8787
43 9457
3107 8271
3482 8662
491 7280
2471 9169
4392 9698
3308 9168
3091 9732
2000 7656
1117 9870
410 9298
1223 7327
1392 7191
162 8932
1481 9565
3794 6659
2337 6992
3439 5474
3564 5928
4741 7450
4251 7735
1682 8168
200 9405
788 6396
3357 5023
3851 7110
2761 8922
4064 6907
228 6300
960 6528
4843 8667
815 6434
3830 9001
4910 6815
2626 9712
529 8070
3851 5972
3998 6269
2398 7754
3891 5563
4 9571
763 9048
1889 5930
1753 8769
4735 7241
4347 9064
1247 6419
1628 9552
4654 8756
4041 5297
4344 6563
3492 6250
2294 8896
376 9046
2056 6908
3412 9540
4756 8692
1435 7347
2321 5430
4799 9303
3775 8086
1068 5096
220 8079
4299 8153
1563 6414
4939 5763
2224 7367
4832 7183
4132 8256
4656 9730
66 5002
4961 8304
1197 9323
4702 9023
519 6655
4616 7636
4657 7887
3755 9711
378 8093
3241 7500
3725 5666
4677 5921
352 8343
2290 5976
4921 5605
3701 9785
45 5613
1519 5833
2071 6347
2099 8984
3296 8495
4691 5044
2612 5021
2046 9907
754 7129
4784 8984
4315 9471
2486 7173
118 6548
1025 5896
189 7955
2484 5590
3966 8078
3159 8110
1709 7789
508 5887
2560 6720
668 8922
937 8689
3312 7303
3408 7382
1485 5671
2440 8054
4176 9521
1005 8555
3502 6655
2140 9434
3204 9911
3639 5870
4350 8663
3737 9520
1977 8574
2245 6710
1749 5787
2175 6806
2109 5205
2132 6086
3 7003
4711 7980
703 7759
3956 7503
4038 8465
993 5928
2533 5266
3051 8013
284 8007
3383 7303
1716 6631
4005 6249
4642 5526
2430 5885
3530 7634
3294 9180
2556 5498
1498 7924
1736 7179
3654 8482
3743 6089
1970 7664
2295 9985
4477 5571
4557 9642
1359 7988
3075 5105
3531 9947
4226 7278
4280 8027
2706 9283
1815 7325
3030 7269
436 8591
192 5529
4069 8104
2040 9083
3225 8375
4467 6516
4947 8999
330 5402
1900 7900
3207 7244
2048 6187
670 6127
4178 6410
3205 8370
4971 6987
3811 7802
4899 7511
4801 8062
3100 9561
2102 8835
43 8238
1590 8086
2994 6056
3355 9444
1893 9846
4526 6993
1123 7608
1177 5018
2964 5997
1655 8657
1757 6907
1395 9071
2578 5214
2550 8572
509 5402
2586 8854
977 7350
3932 5709
4698 8080
4316 9366
1731 7716
4845 7409
978 6190
794 8882
4577 8051
4640 9285
1132 8383
2674 6888
3382 9597
2864 5130
1797 8654
1330 6517
2225 8525
4234 6954
494 7521
566 6164
1061 7822
2914 6644
4018 8197
3614 7477
4934 7442
1624 9912
3909 6830
3399 6439
1395 7116
4788 8029
2038 6203
513 9426
3393 5852
4235 7017
3109 9252
1700 5460
3434 7647
4262 6482
1940 5971
2315 7317
4434 7316
1597 8256
2087 7936
1475 7947
2820 7516
77 6796
1719 7778
1132 9547
4921 8693
4067 8640
1143 7199
1566 6897
2124 7491
1332 5056
363 6340
221 5202
4 8326
3630 9984
2280 7360
4165 6836
381 8085
2456 9029
4656 9566
1055 8487
3354 8072
4823 8651
774 5780
474 7172
2331 9541
4512 5059
3596 8321
1641 8149
4286 9609
158 9112
3948 6480
2484 7753
3668 7399
1415 8526
1122 7755
703 9893
4945 7923
57 6293
3587 5490
1256 7310
2990 9160
1556 6139
2123 5317
689 6397
2807 8003
2873 6966
3239 9945
2142 9677
3925 5818
652 7410
3248 6126
3160 8464
4060 9234
1908 6387
2743 9495
2969 7374
4348 9095
4756 9532
1257 9329
401 8671
3333 8268
4603 5707
2715 8364
2929 8001
1402 6734
4162 5924
1155 9750
4676 8920
518 7734
1871 6806
3605 9653
2039 7555
1477 8280
3198 8812
1259 6003
2159 7989
255 8702
551 7061
720 5634
3374 9230
2467 7573
2281 5859
107 8553
882 8541
4752 8450
1997 7976
683 6791
3132 8109
1095 5408
4831 8561
1536 5498
4295 5099
2378 7843
573 7970
3084 9288
438 9807
2250 8243
4533 5553
2460 9838
4957 5910
1854 7517
1687 6683
2264 6243
2496 7701
4045 5365
428 7886
2736 6107
2884 6788
4876 6335
1488 8562
1141 6592
247 6331
1114 9670
3275 8100
1601 7582
3521 5407
1038 9401
2652 6566
294 6018
743 8748
2690 8068
1711 7633
1196 8771
2395 7741
4918 6336
4711 6124
2789 9067
4975 7159
4936 5867
749 5971
2439 5448
905 7473
4906 9293
4675 5888
1043 7616
2582 7586
3230 7440
1224 9298
876 9520
2130 5146
3571 7864
1189 6413
1967 7711
2308 5412
3461 5670
1456 7896
4753 8595
1124 5507
4300 9813
4037 7345
1253 6262
2429 7236
2075 9066
4935 9536
1545 6282
3643 7989
748 6617
2927 6722
3414 7515
1467 5210
270 8433
3344 8762
1732 6706
4848 9361
4653 9883
3677 7562
2472 6584
4361 9834
1562 8024
3072 8355
2172 8067
4149 7408
2755 9868
3963 8691
692 8440
1452 5803
4555 6664
3722 5679
509 6580
105 7790
3503 5434
3716 8464
3069 9244
3201 6702
4496 6355
2062 9348
4620 5286
2814 5157
4691 7834
4775 8962
1440 7423
711 5533
1749 9975
4235 9434
1911 9775
2669 8932
3934 6704
3090 7080
2381 8359
4332 5379
1624 9429
3995 9613
3043 7558
4012 5583
53 6999
3784 8042
4850 8199
3467 9886
2167 9450
1579 6408
3117 5138
4916 7985
1508 7092
3428 8557
748 9031
534 5307
1143 6343
2642 6599
658 8696
2176 6587
460 7887
4735 9357
2744 6515
3530 7121
955 9820
235 8457
1786 7605
2603 7652
2070 9900
3738 5065
507 7079
261 6406
1473 9115
2652 8927
2093 7966
2578 6999
4275 6125
4038 6851
325 8863
1415 6037
3743 9635
4329 9803
3259 6368
702 5910
254 8153
1448 6330
1880 7367
4249 8348
216 8791
4746 8997
949 6335
64 7238
4309 5675
586 6530
893 7628
1763 8650
3358 9201
4924 6133
3799 5467
231 8990
3519 7810
1581 5666
4008 9322
4024 6299
4417 8030
907 7095
4301 5804
2833 8631
1438 7366
794 7512
2721 8653
4886 9181
3057 6221
3599 9619
4396 9874
699 9804
3831 9702
168 5947
4377 7760
443 9749
4596 6500
4379 9408
1559 8272
1273 5999
3633 7209
1755 6400
2254 8833
1540 8955
2957 7585
4748 9608
4031 6123
4071 6844
2227 8214
4312 6443
104 7540
201 7517
3131 7427
2700 9878
54 5747
4184 8206
1801 5318
3179 8661
293 9646
1221 7339
2262 5080
4232 9671
304 8769
1468 7952
1135 9451
717 8358
2687 9473
3861 9755
919 9820
2133 5180
317 5271
1648 8659
3090 9746
1186 6626
1503 7143
2111 9394
1428 8281
1925 5547
3741 9560
3939 7477
2109 8211
4981 8353
3868 7477
83 5939
1550 6415
3225 8134
2249 8754
1086 8746
4538 8116
396 6172
3148 6129
1300 6299
1482 6590
2554 7138
2036 9773
2832 6274
4762 7247
1223 9515
240 5860
2467 7120
2071 5301
4491 8394
2789 6467
3962 6640
626 9811
702 7551
3356 7033
52 5986
3485 5129
1880 9934
2980 8425
1489 6902
4036 9180
3303 6506
1402 5490
3886 5806
4247 7623
1793 5556
633 9508
867 7790
2572 9625
3964 6337
2529 8222
22 7179
4282 5121
1169 6169
3638 6818
3836 8404
2571 7799
3894 6131
4451 8709
2956 5111
4833 7792
3798 5445
3579 9149
59 6879
4112 7456
4432 7279
1109 7323
1425 5029
2332 7578
3880 8836
446 6711
4067 6605
3734 6224
4913 5109
2230 7726
913 5551
4803 6983
619 6256
1432 7737
2307 8987
1323 7807
4425 7859
829 5901
1823 8882
456 7040
3651 6241
3525 9713
2724 9028
1356 5577
3916 8683
143 6738
779 5980
2694 9243
4991 9816
1357 5388
4339 9091
2998 9954
1741 7780
4047 8405
3976 7477
3267 8212
3936 5329
1493 5322
1579 9576
558 6510
1134 9918
3943 9708
4961 7913
4932 7431
2345 9940
3616 5381
2989 6159
3966 9982
4239 8911
968 8383
4073 5279
4925 7980
2732 5475
4269 7971
1772 5951
4457 8851
2677 5282
184 8956
4369 7446
3841 7783
826 6318
3244 8163
4048 9222
1661 6326
3198 9329
1671 7000
4866 5752
2023 5346
4211 6791
302 6396
2298 6066
2288 5116
2885 8957
3554 8160
822 5476
4083 5724
1926 8140
2040 9005
4718 6389
3767 9594
4039 9211
3733 5178
4830 7684
2035 6376
1016 5951
4346 5681
1159 5529
1787 8491
4478 8717
927 5335
2671 8805
4020 7086
1007 5843
4291 8827
2995 5024
4316 7049
1885 7006
1047 5642
1565 7880
2966 5504
4451 6018
4236 5743
3637 5228
219 8145
4230 7259
1913 7367
2871 8225
252 9384
3370 7794
3248 6870
1050 6807
4511 5936
4170 5886
2138 8241
920 5705
102 9547
3018 5916
318 6603
1089 6526
943 6650
1763 6843
2700 5886
2211 8504
1043 7288
4882 9708
2088 8084
2535 7715
2529 8172
2489 5950
4794 6147
3345 7098
3536 6286
607 9642
4308 9270
3868 9347
4536 6875
160 6289
4918 6439
1269 9759
2640 8382
2203 8728
4337 7274
4315 5470
1679 6426
3454 9202
2568 5331
2062 9722
422 8241
4182 9203
3739 6411
621 8564
291 6356
194 7867
81 8982
3136 5847
2484 6011
3713 9779
277 8299
299 9128
1029 5206
3018 9801
635 9573
4328 9839
1928 8057
3836 8186
2253 6713
1729 6752
3178 5416
2784 6401
2106 6178
4299 9028
4902 7053
1169 9363
616 7477
2861 9850
4959 5146
1171 8803
2518 9577
3821 5948
256 8154
1384 9953
4567 9422
4158 5708
2494 9554
2029 9884
2449 6773
1131 6687
2348 8578
2165 7850
155 5304
2051 6540
3993 5935
2118 9327
2356 5262
1492 8657
4018 7622
1133 6684
3999 6355
700 7292
1436 6478
2090 9621
3686 7512
2200 8464
3575 9029
2019 8259
2959 9624
4917 9283
328 8883
3841 9570
4374 5904
635 5111
1621 9518
1145 7277
430 9927
669 7601
1206 7741
2086 6897
4954 7332
1177 8711
1842 5136
3077 9480
2378 8684
4892 6872
4783 5031
4486 7148
2301 5173
863 8124
3101 7923
1152 8569
1143 7011
897 8652
2014 8784
3802 9985
9 9194
3978 9426
4703 5400
3899 9677
2106 6761
1991 5841
1394 5037
1388 9550
1510 5246
2134 7365
4533 9262
4386 9651
4894 9188
732 6923
3225 9849
1941 6061
3554 7177
1151 9034
2398 8084
2412 8318
4552 5845
4186 5383
2557 5263
4233 5499
3743 9874
2759 8325
1649 9077
65 6601
4053 6425
3844 9002
1794 5251
3099 9571
584 8034
4369 8485
3144 9217
319 5485
3768 7141
3602 8274
108 7291
4335 5476
359 5861
1609 8949
1271 5749
1262 7183
2915 6086
1382 8543
3361 8123
3068 8958
4504 8299
1511 5107
2362 8909
2247 5631
431 5446
1388 8758
756 9814
3798 9435
91 9247
3025 5030
3141 9806
3244 9845
4686 7869
3317 9530
4417 5960
1461 6901
886 6013
2588 7508
1259 5899
2230 6192
4212 8766
242 8106
4434 6454
2439 5097
4086 7558
2442 5697
584 9052
3705 5788
942 5776
4657 8849
696 7082
339 9114
3693 9754
3172 9611
4689 8102
2787 6270
3894 8815
2142 6165
1881 9951
4720 9410
1629 7261
726 7915
3041 8151
1045 8951
3748 8462
4932 6201
2104 6463
4080 9109
3567 8623
1394 9243
2653 7306
2536 6238
526 7645
1817 7722
3021 9071
3410 9671
1969 5193
2270 9038
1865 7437
4306 8898
4676 7484
1815 7407
1573 9771
992 6602
4579 5704
4439 5407
2128 6741
1911 8958
3818 6128
3398 7803
3599 9809
111 9941
3011 7992
1512 9809
329 7488
4589 8517
4390 6962
2777 5653
3384 6146
1920 7970
1962 9746
4963 9673
2544 6152
3000 9412
3336 7923
42 9482
1969 9054
2402 8736
1874 7750
3721 5486
2193 6980
4662 6459
4710 7251
1712 9295
923 8231
3448 8954
402 6777
1046 7859
804 5246
126 7859
1852 8885
2540 5459
289 9781
1641 5542
424 8218
1229 5890
1561 9874
4439 9163
3710 7374
788 5376
3593 9609
4790 9343
90 5270
3843 7099
4759 7052
3879 7284
1731 9509
465 6137
4425 8304
3203 8792
365 8143
2966 5228
3640 8426
1782 7388
689 9255
4656 8189
1062 7334
2562 6131
3435 9269
4254 5761
3391 9538
1395 8003
4075 7275
2998 6013
1757 5923
3643 7260
1693 7768
1975 6412
2475 6602
2565 7367
854 8817
3961 5807
765 7992
493 5896
4058 6439
2257 6754
3156 5567
1400 7112
2382 7022
4691 8209
247 5857
4442 5780
1513 7883
3975 9718
4209 5759
443 8924
2120 5049
3219 7468
3317 9230
2295 5269
2696 6464
4447 9436
3041 9408
1277 5784
1673 6016
1127 6648
640 8365
2152 8272
619 5526
3206 8058
2792 5058
4950 7155
4388 9694
616 7124
891 7503
3380 7324
1167 6982
4686 7953
4226 8081
2961 9324
1830 8344
2028 8292
2965 9332
4616 9916
1587 8577
4022 7538
4662 9396
3453 6724
2658 7213
474 9592
2619 7608
3166 7093
2770 7461
2989 6774
2357 7012
243 7971
4825 8270
2843 6958
3044 9445
2578 7000
389 5709
3539 5621
1316 7585
4638 5164
4595 8057
1950 5837
2132 5097
3439 6926
3438 9353
2736 8415
3139 7521
3844 8552
1562 7005
97 6112
1162 9174
4519 8976
4128 9989
410 5180
991 7853
3535 9491
4058 5738
1740 9628
338 5943
3652 6982
1956 7168
1037 8076
3957 7599
3238 7437
3180 7423
3044 7039
4972 7126
3947 8522
143 6212
4227 9241
1406 7752
3998 9658
2922 6318
929 5524
2632 7984
3589 7532
3411 5547
2806 6632
974 6662
2042 8830
1594 5015
2862 5836
4571 6416
4424 6838
3255 7125
901 5424
3100 6715
4442 8809
965 6954
4248 5595
4297 9728
234 7704
919 6155
4429 6833
1340 6569
2534 8713
3770 6497
1366 8830
20 6127
3956 9961
3022 7292
2183 6003
2498 5708
1365 6363
1413 9902
4841 6730
3870 6903
4758 9664
3244 6364
3851 5152
4915 7650
