2000
4099
1 1134 1
1 908 1
1 464 46484
2 627 3
2 118 1860
2 1766 3983
3 1116 42340
3 954 17705
4 104 1
6 313 33211
6 464 2
6 494 6560
7 1342 1
7 1618 1
9 1639 2
9 1347 30923
9 577 1
9 1090 1
10 1216 37083
10 1702 1
10 732 1
10 1884 1
10 1506 1
10 1343 12870
12 233 1
13 1168 1
15 1595 1
15 1233 4222
15 1799 3
15 246 1
15 1762 36910
15 1075 2
16 1421 2
16 1520 2
16 464 1
16 788 47552
16 441 1
17 1698 1
17 464 2
18 1115 1
19 1595 4304
19 1306 4
19 1659 2
20 464 40333
21 1513 11022
21 632 1
21 1798 1
21 1480 1
21 784 30234
21 500 1
21 197 2
21 1410 7874
22 630 1
22 476 1
23 263 2
23 314 2
23 1064 40407
23 244 4612
23 1722 1
23 1345 1
24 1816 2
25 490 1
25 1526 1
26 313 2
27 464 44727
27 173 1
28 1506 1
28 594 41041
29 1000 1
29 1300 1
30 1100 42274
31 1833 1
31 125 1
32 1719 1
33 975 1
33 950 1
34 483 10886
35 1118 5
35 898 42851
35 180 2
35 797 6392
35 425 2
36 859 369
36 161 40612
36 440 1
37 316 1
37 147 2
37 964 3
38 1976 4
39 1005 3
39 1931 1
39 915 874
39 572 2
39 493 2
39 279 3811
39 464 1
40 200 40605
40 678 1
41 18 1
41 275 1
42 259 40662
42 836 2
42 1600 2
42 518 36140
42 1481 13431
43 1592 1
43 1824 1
44 1821 1
44 340 1
44 509 2
44 501 1
45 464 2
45 17 1
46 1014 1
46 1839 41565
47 1832 40520
48 751 2
48 444 1
48 785 37788
48 1518 44668
48 1385 3623
48 1230 2
48 430 1
49 1659 2
50 786 1
50 1801 1
51 1669 37716
51 1822 24124
51 126 1
52 1692 1
52 1144 42866
53 66 1
55 778 1
55 703 1
56 820 2
56 277 1
56 244 819
57 1890 1
58 903 43293
59 464 48732
60 464 1
60 1564 1
60 263 2
60 1816 9032
62 1953 40022
62 206 2159
62 464 42459
63 281 2
64 1553 2
65 1993 2
65 1158 2
65 1234 30193
66 1166 36988
66 1512 45970
66 1139 1944
67 567 35013
67 532 2
67 86 1
67 911 1
68 274 8182
68 780 2
68 106 1
70 464 47138
70 222 2478
71 464 1
71 1267 1
72 1447 1
74 763 6112
74 1890 2
74 6 35928
75 835 1
75 387 1134
75 944 1
76 556 4
76 854 7061
77 455 1
78 1804 1
78 1639 1
79 1352 23648
79 1536 26340
81 1960 2
81 219 1
81 962 1
81 7 1
82 919 1
83 416 2
83 1566 2
83 287 3641
84 1921 1
84 394 1
86 404 44072
86 1948 1
86 1028 27765
86 1979 1
86 1699 2
87 464 1
88 1258 1
88 1050 1
88 783 2
88 1427 2
90 1351 1
90 756 1
90 206 1
92 464 43205
93 464 41404
93 389 11414
95 336 2
96 836 2
96 1641 42944
96 679 42289
96 954 2
99 1359 29371
100 1026 4406
100 115 40144
101 300 1
102 783 45190
102 1899 1
102 1055 39059
103 1693 1
104 1871 46619
104 113 10058
105 1624 554
105 1506 39952
106 1442 1
108 317 40394
108 1420 2
109 1464 8605
109 247 1
109 925 1
110 1454 2
111 455 41692
111 1733 2
112 595 43603
112 813 1
112 1767 45278
113 1833 4292
113 1095 48497
114 32 1
114 995 2
114 569 1
114 136 2343
114 1299 7
114 999 1
115 1212 35867
115 1532 4273
115 883 2
115 1417 1
115 1850 1
116 1876 1
116 912 1255
116 897 3589
116 1933 2
116 3 43556
116 747 1
116 1431 1
117 1762 1
117 1670 2
117 60 9034
117 1094 1
118 791 2
118 1240 1
118 984 13223
119 1325 2
119 268 959
119 362 1876
119 683 2
120 70 42205
121 169 1
122 773 1
122 1710 1
123 720 40498
123 1941 1
123 433 2
123 561 1
123 1095 2
123 517 2
124 201 2
125 622 1
125 595 1
126 145 2
127 1788 1
128 317 2
128 1812 27235
128 348 2
128 1653 2
128 527 1
129 464 49254
130 1868 1
131 646 2
131 570 2
132 1672 1
132 477 2
133 873 1
135 1585 2
135 1822 1
135 1905 48132
135 1386 1
135 614 6932
136 378 39718
136 1853 1
136 947 9997
136 1894 1
136 33 2
136 1774 2
136 1269 44673
137 395 35471
138 464 47045
139 1029 1
140 372 43635
141 1878 2669
142 1273 40994
142 779 1
142 1170 30230
142 1172 2
143 486 1
144 464 40874
145 336 3
145 464 1
146 1324 1
147 464 41725
148 504 1
148 1520 1
149 1855 2
149 350 1
149 402 40301
149 139 1
153 276 1
153 464 1
155 381 2
155 1089 1
155 190 7
155 621 43715
155 841 988
155 626 2
156 1220 1
156 464 2
156 372 14544
156 338 41914
156 1650 5
156 1971 1
158 750 1
160 1639 40217
161 787 40614
161 1422 2
162 634 1
162 513 1
162 200 4026
162 45 1
162 1202 1
162 1427 2
162 1602 2
162 390 1
163 217 1
164 1644 1
165 925 1
165 1489 42539
166 1409 8
167 1833 37078
167 58 2
168 928 14731
169 1166 1
170 576 1
170 793 6
170 830 2
170 1317 27239
170 1482 1
170 910 10866
171 909 3240
172 102 2
173 1291 1
174 1136 6800
175 569 1
176 1936 2
176 759 2
176 74 42042
176 1727 1
176 610 1901
177 949 46251
177 1890 1
177 1816 1
177 876 41469
177 60 2
177 1467 8031
177 1076 2
178 919 2
178 1809 1
178 415 40140
178 685 1
179 464 2
180 464 46335
181 556 1
182 896 48571
183 124 2
183 794 1
183 498 40120
183 900 2
183 877 2
183 768 1
183 773 1
183 1092 2
183 1479 2
184 1646 2
184 818 1
187 1899 641
188 1484 2
188 63 2
190 1895 741
190 464 2
190 1422 1
190 1154 3
190 472 2
190 773 2
191 980 2
192 355 20390
192 27 42043
192 1729 21295
193 1832 1
193 301 1
194 509 2
194 384 1
194 464 43886
194 1953 2
195 277 2
195 351 3729
197 968 2
197 1495 5414
197 1648 2
197 464 2
197 1811 1
199 283 1329
199 1476 2
199 1135 2
199 1592 2
200 1555 44633
201 29 2
201 1123 1
203 75 1
203 1686 1
203 201 1
204 599 1
205 1174 44373
205 1779 1
206 300 2163
207 1566 1
210 1660 1
210 302 1
210 1159 1
210 464 1
211 662 1
211 182 1
211 1636 2
211 1441 2
212 1255 1
212 1466 40528
214 543 2
214 1490 2
214 75 1134
214 542 8
215 1948 1892
215 1773 1
215 416 1
216 818 4
216 1617 1
216 1046 4
216 686 39347
216 1271 2
216 267 1
216 110 1
217 1935 40871
217 464 40562
218 1628 1
218 1551 1
219 1786 2
219 1484 1
219 133 1
219 1706 1
220 1021 3642
220 1066 1
221 772 2
221 1880 2
222 464 45307
223 531 1
223 1230 1
223 289 1
223 763 1
225 951 2
225 1283 1
225 881 1
225 1451 40233
225 933 5721
225 1674 2
226 1219 1
226 281 1
227 415 1
227 442 1
228 1352 45735
228 464 47175
229 459 1
229 773 1766
229 1645 1
230 1159 1
230 1413 1
231 1167 8431
231 1320 2
231 1865 1
231 1440 2
231 1577 40698
231 470 2
233 1193 1
234 1126 1
234 1 2
235 83 3645
235 101 1
235 1204 1
235 571 2
235 62 40571
235 304 1
236 1452 45002
236 857 1
236 464 48955
237 609 2
238 967 7
239 59 6336
242 1424 942
242 1019 1
242 485 1
242 1574 1
242 254 2
242 62 2
244 1948 5434
245 170 38115
245 23 2
245 1231 8672
246 458 3213
247 464 46510
248 1209 2
248 1796 1
248 247 41805
250 968 92
251 464 40873
252 464 46761
253 1081 40989
253 661 6844
254 1978 1
254 483 2
256 1823 1
258 20 2
258 1718 40697
259 1368 40662
260 1710 905
261 59 2
262 464 2
263 916 2
263 1905 1766
265 462 1
265 886 1
265 120 42201
266 581 2
266 267 1
266 533 40661
266 1462 1
266 842 5
267 975 2
268 650 961
270 1931 2
270 1329 1
272 346 1
272 244 2
272 1006 2
273 436 10287
273 720 2
273 988 41982
273 994 40685
274 746 1
274 1361 8181
274 462 4
275 658 1
275 682 4
275 796 1
275 1466 4176
275 1111 1
276 458 1
277 400 42283
278 422 19519
278 1340 2
278 616 3
278 729 1
279 1801 7
279 468 1
279 1268 1
279 1345 3804
280 1042 1
281 464 43932
283 137 35470
283 1758 2543
283 1429 1102
285 1239 2
285 477 864
286 1961 12209
286 1462 64
286 1066 1
286 621 27967
286 1177 2
287 220 3640
287 1644 1
287 1669 2
288 794 1694
288 464 47631
289 281 2
289 1134 1
294 666 3
294 372 1
297 1153 2
298 1865 2
299 464 45447
300 1648 2164
301 166 5
302 1440 42418
302 464 42526
303 1563 1
303 1716 42632
303 1736 1
303 19 4310
303 1999 2
304 433 1
305 568 1
307 1757 1
307 483 1
308 349 15313
308 1899 46777
309 464 43076
310 1576 2
311 391 1
311 1537 2
313 158 1
313 1969 33214
314 464 1
314 788 2
314 1032 4093
314 572 7269
315 444 1
315 464 2
316 595 1
317 1058 2
317 464 47612
317 1572 36396
319 1423 2
319 806 41945
320 1342 17761
320 464 45997
321 1925 2
321 350 1
322 738 1
322 933 1
324 1884 1
324 886 1
324 765 5
325 526 2
325 1611 7872
325 1534 2
325 441 1
327 58 1
327 1452 2
328 386 2
328 874 2
328 1814 1
328 1251 7214
329 1613 2
329 362 1
330 1604 2
331 1814 1
331 703 2
332 1404 2
333 1651 1268
333 911 1195
333 653 1
333 1387 1
333 803 1
333 411 43221
334 1896 1
335 725 1
335 1428 1
335 493 42357
335 794 12421
336 838 15
337 836 1
337 661 1
338 1999 1
338 464 42249
339 180 2
339 49 2
340 1477 2
340 1832 2352
340 996 2
341 818 7411
341 1667 1
341 440 41506
342 956 1
343 464 48262
344 1914 2
345 1004 2
346 1399 1
347 983 1
347 1636 4
347 464 43448
348 848 8
348 1367 1
348 1576 8425
349 991 43192
350 71 1
350 548 2
350 447 1
351 1151 1
351 1150 2
351 729 3726
352 481 723
352 1113 2
352 606 1
352 713 43495
352 447 2
353 547 2
353 1899 1
354 288 46110
354 1474 1
354 1427 2
355 1454 20394
356 1523 1
356 1058 1
357 464 48071
358 1053 4775
359 1558 2
359 1524 2
360 1079 2
362 1 1883
363 972 1
364 1342 2
365 824 1
365 3 16487
367 1156 3
367 564 1
367 769 361
367 1517 2
367 1917 1
367 1952 2
368 772 5214
369 182 1
370 1384 2
370 15 1519
370 1260 1
371 1136 41820
371 804 43041
372 665 42728
372 1739 1
372 1947 875
372 1808 14580
374 1519 2
374 1269 1
374 1617 2
374 365 16488
374 86 25681
374 1878 2
374 357 2
375 234 1
375 1917 1
375 1882 48630
375 418 615
376 1019 1
378 388 1
378 979 1
378 423 2
378 536 1
378 1895 39712
378 1950 2
379 1021 7246
379 464 40255
381 1636 1
381 1628 4
381 1861 1
382 371 2
383 322 1
384 464 1
384 371 1
385 187 637
386 1832 1
386 1432 1
387 1880 42602
387 1592 1
388 921 1
389 138 6003
389 464 46279
389 1803 2
390 464 2
391 464 1
392 9 30924
392 219 2
392 717 2
393 1744 1
394 1831 1
395 1033 40305
395 1537 43213
396 464 49189
397 464 47161
397 1537 38517
398 1828 8648
399 37 1
400 464 42289
401 354 1
401 654 2
402 1237 1
402 395 40304
403 515 1
403 800 41243
404 1493 39431
404 507 4643
406 824 1
406 228 40116
407 1435 2
407 1535 2
407 1516 40683
408 1313 1
409 436 45790
409 114 2
409 362 1
409 184 2
410 1336 2
411 727 3
411 132 3
411 1638 43217
412 1938 1
412 693 1
412 1606 40246
412 598 2
412 1447 1
413 626 1
413 194 1
414 1497 1
414 433 10258
414 1702 1
415 1706 1
415 1452 40140
415 1043 2
416 1033 1
416 1383 43951
416 464 49027
416 372 2
417 252 1
417 867 2842
417 1055 2
417 112 46489
417 1870 4
417 1002 2
418 338 2
418 1637 2
418 1260 611
420 1310 48247
420 763 43365
420 1745 1
420 294 2
420 519 231
421 670 1
422 126 1
422 762 19518
422 1689 2
423 1490 1
423 1922 2
425 102 2
426 1392 1
427 564 4902
427 749 1
430 1541 1
430 1409 2
431 277 1
432 464 42941
433 1464 34261
433 464 2
434 971 1
435 968 1
436 800 1
436 975 2
436 1837 1
436 26 2
436 1283 2
436 764 1
436 212 40528
436 1591 1
436 517 15539
437 1329 1
437 1394 1
438 1126 2
438 1514 1
438 162 4035
438 849 37006
440 1899 1
440 1814 41506
441 451 9
442 1418 1
444 889 3626
447 1349 8295
447 601 4
448 199 1334
448 1583 40957
448 1524 2
448 389 1
448 823 2
448 1126 43005
451 464 43375
452 1168 2
454 1481 2
454 1822 7022
454 870 1437
454 1931 2
455 1747 47189
455 1759 1
456 1842 2
458 1949 1
458 397 16248
458 1859 1
459 1166 1
460 1566 2
462 1313 43222
462 1871 1
462 1832 941
463 874 1
463 826 2481
463 236 1
465 35 1
465 1878 1
465 1170 2
465 3 2
465 297 1
465 1486 1
468 199 1
469 905 1
470 464 46926
471 1291 2
472 1393 1
472 1299 1
474 34 1
474 1253 1
475 1537 2
475 1383 2
476 685 1
477 1919 870
480 119 2832
481 727 1
481 612 2
481 684 40181
481 16 1690
482 1537 1199
483 433 19595
483 1715 33507
484 1004 40773
485 1159 37360
485 1698 13912
485 1726 1
486 861 2
486 1669 1
488 1934 2
490 477 2
490 1202 41760
491 464 44037
492 1495 1
492 885 1
493 588 1
493 228 1
493 1004 42357
494 1066 12747
494 464 49371
497 470 2
497 1729 2
498 596 43811
498 464 41625
499 1711 1
500 464 46580
501 217 2
502 464 42291
503 1828 1
504 1878 2
504 314 11361
504 789 1
504 1500 1
504 913 43350
504 1888 5
504 308 1
505 1739 1
506 1902 1
507 464 44694
509 491 2
509 1234 16885
509 967 32500
509 1914 1
509 1824 2
511 735 1
511 891 2
511 1436 2
513 1833 5988
513 1139 1
514 1640 44673
514 256 1
514 1770 4
514 1127 1
515 908 40446
515 464 48322
516 396 1
517 447 2
517 1159 15539
518 464 1
518 135 13318
518 483 42212
518 690 44644
518 1137 26761
518 637 1
519 1603 2
519 1846 42541
519 1942 2
520 464 48215
520 145 1
521 1442 2
521 227 2
521 1282 7
521 976 2
521 1267 2
525 1136 1
526 1079 2
527 903 1
528 1775 2
529 1557 1
529 310 2
529 1374 42808
529 238 1
529 409 45793
529 1856 1
530 46 1
530 1973 41157
530 1017 1
531 1675 1
532 1325 2
533 1127 5988
533 608 1247
533 381 2
533 1818 2
533 474 1
533 1214 2
533 314 2
533 987 2351
533 869 32309
536 982 1
536 1822 1796
536 1880 1
539 1399 1
539 896 2
539 1408 1
540 427 1
540 90 2
540 1757 1
540 321 2
540 1661 40052
540 301 2
540 128 1
540 78 2
541 885 1
542 1291 2
542 1209 2
542 1584 1
542 1897 2
542 1638 1
542 280 1
542 1220 1
543 939 1
543 464 41276
543 1950 6363
543 31 1
543 623 1
544 1912 41185
544 119 2
546 1043 1
546 1742 2
547 464 47641
548 395 2
550 836 2
551 706 2
551 957 2340
551 802 7857
551 936 37676
551 661 2
551 539 2
552 1660 2
552 880 1
552 210 2
552 270 1
553 363 1
554 1570 1
555 168 2
556 464 45029
557 470 2
557 1495 1
558 96 37724
558 1114 1
558 253 2
558 1174 1
558 1457 5388
561 192 42197
563 1854 1
563 586 1
563 1111 1
563 608 44477
563 1105 2
563 719 2222
563 17 2
563 1006 2
564 716 4904
564 317 2
565 205 2
565 1222 8
565 1664 1
565 980 1
567 1117 1
567 603 2
567 1559 35006
567 738 2
567 963 2
568 1150 1
569 1006 3
569 404 1
570 1927 1
570 1217 40044
570 1240 1
570 217 8843
570 878 2
571 355 4
572 654 43155
572 1871 2
572 1624 12800
573 908 9058
575 851 1
576 261 2
576 794 2
576 422 2
576 758 2
576 1847 2
576 1019 1
576 1370 14643
576 631 2
577 464 47227
578 1263 1
580 587 1
580 1262 1
580 1431 7225
580 1183 12
581 1616 2
581 110 1
581 90 1
582 1201 1
583 1847 1
584 127 1
585 464 1
585 886 1
585 1267 40089
586 1777 44325
587 1885 1
588 770 40498
588 464 1
590 36 369
590 275 4182
590 1129 2
590 1454 1
590 1180 2
592 372 1
592 464 42435
592 416 2
593 1549 1
593 1674 1
594 1685 1
594 485 42533
594 309 1
594 1805 41071
595 464 45040
595 1583 1269
596 277 2
596 1260 2
596 464 47910
598 47 1
598 464 1
599 464 47850
600 1481 1
600 1304 6882
600 371 41818
601 644 3
601 228 33274
603 1589 1
603 1271 1
604 1824 1
604 182 10605
605 506 1
605 1399 1
605 1802 2
606 932 2
606 1658 43961
606 1205 1
606 77 1
606 1452 2
606 608 2
608 1205 1
608 464 88666
609 464 41004
609 863 2
610 1615 3
610 66 2
610 1311 1
610 826 1
610 809 2
610 1960 1892
612 1574 3
612 1376 1
612 1312 2
612 6 3842
614 836 2
614 547 6928
614 650 1
614 753 2
616 217 2
616 706 1
617 357 40168
617 1922 2
619 211 1
620 464 2
620 884 1
621 520 43720
621 742 1
621 1822 27964
622 1698 1
623 464 2
623 749 1
624 693 1
625 1956 1
626 1351 43941
626 796 1
627 302 1
627 167 2
629 626 1
629 975 3080
630 1838 1
631 452 1
631 1531 2
632 979 1
633 1474 4372
633 1433 1
633 501 1
633 767 1
634 1170 1
635 400 2
635 464 2
636 1129 3260
636 1725 2
637 1243 7
638 1791 2
638 1599 1
638 870 1
638 984 1431
639 1834 1
639 1653 1
639 966 1
639 656 1
639 1268 2
639 593 1
639 518 41078
639 464 1
642 274 2
642 1576 1
642 572 1
644 251 1
644 464 40454
645 403 1
646 239 2
647 1914 24555
647 1733 746
648 1766 2
648 464 40806
648 821 2
648 1267 42432
649 1131 2
650 464 46056
651 1143 443
653 129 26079
654 464 43157
656 1603 1
657 332 2
657 917 1
657 1891 1
658 1911 2
659 1920 3
659 1207 1
659 648 33953
661 1 1
661 1890 2
661 397 6848
662 556 1
664 1843 1
665 1477 2
665 464 46309
666 1648 2
666 756 1
667 1421 1
667 1406 2
667 447 2
667 774 1
667 1443 38439
668 163 1
670 113 42728
670 464 41030
670 1764 1
672 1216 1
672 1888 1
673 223 1
673 464 40006
673 1886 1
673 672 2
673 899 2
676 1696 3
676 1076 2
677 420 41102
677 882 2
677 636 3262
677 1814 1
677 1436 2
677 130 1
677 637 1
677 313 1
678 70 2
679 328 1
679 464 42286
679 1253 1
679 1070 1
680 1912 2
680 661 2
681 464 2
682 1830 1
682 907 2
682 1719 1
683 464 43353
684 1325 40182
685 464 2
686 1270 2
686 729 39343
686 1940 2
687 908 2
687 1280 7762
687 1389 40769
688 1729 1
688 821 1
688 109 8604
688 1749 40451
690 1692 1
690 178 40144
690 1786 2
690 399 1
690 1463 4495
690 1039 2
692 1822 1
692 464 40299
693 302 44930
693 400 1
694 1279 6455
694 718 1
695 1495 2
696 1760 41533
696 1635 4450
696 1031 1
696 1267 2
696 919 1
696 486 1
697 44 4
697 554 1
698 194 40827
700 583 1
701 379 2397
701 1393 2
701 1064 2
703 250 2
703 1890 44984
705 464 48250
706 1366 1468
707 1691 3
708 1819 5397
708 1450 1
708 1547 42666
708 885 1
708 1611 2
709 1930 1
709 1969 2
709 335 1
710 1711 1
710 1576 1
711 142 30233
712 1061 1
713 1500 2
713 547 2
713 464 2
713 229 1768
713 470 2
713 147 41721
714 1138 1
714 588 2
715 594 42564
715 297 1
715 431 1
715 768 3584
715 1585 2
715 637 5
715 1100 1
716 1764 1
716 599 4906
717 260 1
717 1868 1
718 1235 2
718 1861 1
718 1589 5731
718 707 3
718 396 1
718 464 2
718 1571 2
719 1108 2221
719 964 1
720 480 1
720 96 1
720 140 1
720 1305 2
720 644 2
720 42 40493
720 1047 2
721 698 40827
723 1786 1
723 1283 45545
723 854 1
723 1252 1
723 1330 2
724 983 1
725 464 1
727 892 1
727 1867 1
727 38 2
728 1400 2480
728 371 2
728 732 46773
728 414 10258
728 1793 2
728 1917 2
729 441 2
729 1109 130
729 515 42941
731 58 1
731 1291 1
731 464 2
731 483 1
732 1974 1173
732 358 4774
732 217 1
732 721 40827
735 1453 1
736 1368 2
737 71 1
737 1485 1
737 1755 1
737 1187 2731
738 1142 3
739 76 2
740 464 45019
742 70 7409
742 884 2
746 138 1
747 490 1
748 301 2
748 612 3846
748 592 2173
748 585 40091
748 146 1
748 515 1
749 464 42180
749 1660 2
750 1325 1253
751 823 2
751 1429 21731
751 1251 41167
752 923 1
752 651 443
752 1083 2
752 1942 44894
752 102 45123
752 596 2
753 1644 2
754 432 5
756 464 48339
757 1213 2
757 1059 2
757 1196 1893
757 1257 42848
758 1782 1
758 511 5
758 1188 2
758 1965 40416
758 1817 3082
759 302 2
759 1582 1
761 1969 9077
762 228 19518
763 354 2
763 1204 1
763 1381 1
763 1934 1
763 1628 6106
763 319 2
763 464 44994
764 811 1
765 1413 1
765 109 2
765 1361 2
766 203 1
766 324 7
767 441 1
768 1073 2
768 16 1
768 555 2
768 835 3579
768 1079 2
769 1976 1
769 705 1
769 751 20708
769 1459 2
769 1025 1
769 1702 40125
769 789 1
770 464 40498
771 1775 45573
772 1867 5218
773 1847 1771
773 1532 1
774 1013 1
775 857 2
776 1446 1
777 1043 85
778 432 2
778 1949 1
779 811 1
780 1765 4
781 947 1
782 1146 1
782 1666 5073
783 1842 1
783 464 45191
784 711 30233
784 1282 1
785 283 37786
785 105 2
786 1059 1
787 889 40613
787 1336 1
788 1399 6730
788 756 2321
788 889 43546
789 1838 1
789 1170 1
790 806 1
790 1950 2137
790 1965 4644
791 441 2
793 129 1
793 251 1
793 657 3
793 1267 1
794 995 3174
794 1409 39055
794 967 2813
795 16 5761
795 1884 3309
796 1134 7888
797 1168 2
797 464 1
797 1905 5489
797 1605 901
798 1520 1
800 464 44945
800 1404 1
801 367 2
801 1039 1
801 1342 2
801 58 1
802 1192 7857
803 1301 2
803 621 1
804 464 43047
805 928 1773
806 464 85079
807 1950 1
807 1989 40061
807 1388 2
809 1383 7
810 874 6768
810 253 42421
811 1359 1
811 343 1
813 1929 1
815 507 2
817 1890 1
817 1341 2
817 1193 1
818 193 2
818 790 1
818 1194 1
818 1109 1
818 299 1
818 742 7410
819 444 1
820 464 43879
821 903 2
821 27 1
822 1710 1
823 1350 2
823 194 2
824 59 2043
825 1592 1
826 1429 1
826 1474 41759
827 180 1
828 1585 1
830 1055 1
830 305 1
832 947 1
832 1795 2
832 1373 5418
832 1508 2
832 464 41027
832 1483 2
833 777 2
833 464 42741
834 1874 2
835 515 2
835 1055 1
835 665 3577
836 1842 2
836 482 1199
836 1359 4071
837 1790 1
837 1375 1
838 79 18
840 1589 2
840 1561 1
840 1832 2
840 1655 1
840 1072 45835
840 1294 1
840 1900 1
840 145 1
841 965 3
841 40 40605
841 117 1
841 638 1435
841 1694 9080
842 288 2
842 1225 1
842 415 2
843 992 1
843 1109 1
845 701 2401
845 1349 40079
845 1583 1
845 1599 1
846 857 33703
847 485 8737
848 1715 10
848 1702 1
848 371 2
849 1607 6693
849 308 48250
849 648 1
849 909 1
849 272 5
849 65 30197
849 1730 1
849 1029 1
850 1307 40517
850 464 43163
850 462 1
850 432 1
850 1277 1
851 1949 2
852 788 5043
854 1792 9048
854 703 44977
855 817 1
855 514 1
857 59 1
857 464 40012
857 1648 2
858 1004 1
859 367 368
859 376 1
860 285 866
860 780 2
860 396 1
860 464 41060
861 1270 2200
861 1558 45819
863 1983 3271
863 1409 45665
863 1969 1
865 1063 2
865 1711 41512
865 465 8
865 1320 2
865 25 1
865 1755 2
866 129 23167
867 1960 6
867 919 1
867 1494 1
867 670 1
867 1702 1
867 790 2
867 1132 2
867 480 2830
868 556 1
868 1542 42660
868 1992 1
868 817 2
869 601 33270
869 1846 1540
870 1360 1440
871 1392 1
871 1681 13099
872 1954 1
873 577 20877
874 1049 1
874 571 2
874 1942 6770
876 381 1
876 387 41468
877 195 1
877 1594 1
877 278 19524
877 1220 402
877 575 1
877 1874 28178
878 464 42718
879 1026 1
879 116 48405
879 1795 2
879 706 2
879 1238 1
879 553 1
879 1877 452
879 111 41691
879 1883 1
879 959 1
880 1151 1
881 408 1
882 692 40299
883 1033 2
884 464 48526
885 729 3
885 349 1
886 1383 2
886 1649 1
888 994 5
888 180 1
889 464 87787
890 1359 1
890 1021 26784
891 1914 40204
891 1055 2189
891 262 2
891 1292 1
892 1552 1
894 315 1
895 850 42685
895 1045 1
895 1790 1
895 1394 1
895 1510 3213
895 119 2
896 1151 43441
896 464 43500
897 1084 1
897 1437 1
897 25 1
897 1422 2
897 959 3584
898 1753 1
898 777 1
898 920 32248
898 1653 10603
898 464 1
899 1859 2
900 118 1
900 1115 1
903 464 43300
905 464 2
906 265 2
906 1633 1
906 1180 1
906 1943 45747
906 1623 2
907 1847 45272
907 311 2
907 557 1
907 804 1
908 464 49511
909 180 2
909 1464 3242
910 1383 1
910 1541 1
910 1480 1
910 464 47126
910 161 2
910 633 4375
910 1255 41844
911 990 1190
911 1500 2
911 601 1
911 121 1
911 437 2
912 1131 1253
912 237 2
912 153 2
913 825 1
913 683 43351
914 771 38689
914 1331 1
915 253 1
915 1925 870
915 128 2
915 781 1
916 397 7
917 253 1
918 1399 1
919 464 49406
920 253 3
920 102 39123
921 464 1
921 138 41038
923 564 1
923 16 1
923 1277 1
923 464 1
924 219 2
925 1976 5
925 826 2
926 1778 3974
926 561 1
926 398 2
926 1325 2
927 977 1
927 464 40323
928 397 16507
930 1832 2
932 122 2
933 1221 1
933 752 5721
936 1898 37676
937 1823 1
937 944 1
939 1949 2
939 406 1
940 172 2
940 1090 1
940 920 2
940 1354 1
942 962 1
942 337 1
943 1600 1
943 1395 41314
943 688 8830
943 354 2
943 1173 2
943 494 40459
944 1633 1
944 395 1
945 775 2
946 1942 1
947 464 1
947 181 1
947 50 2
947 401 3
947 782 5074
947 940 6
947 1386 4404
947 1371 1
947 4 1
947 1522 42864
947 119 2
948 987 2
948 718 5741
948 1607 1
948 287 1
948 1939 2
948 212 1
948 48 43837
949 1633 2
949 263 1764
949 1432 44485
950 220 1
951 1916 1
951 1294 1
951 387 1
952 766 8
952 1522 2
952 1827 41242
952 667 2
953 873 1
953 1 4120
954 984 17705
954 1128 1
954 1192 2
956 1866 41205
956 572 5474
957 1201 2340
959 329 3
959 281 3583
959 896 1
961 463 2
962 1312 2
962 339 2
962 298 1
962 1733 1
963 1335 2
964 320 1
964 617 40169
964 1839 2
964 1021 37752
965 1145 1
965 754 2
966 716 2
967 653 26077
967 464 44293
968 1739 101
971 1648 42885
972 750 1252
972 749 2
972 681 1
972 47 1
973 1737 2345
973 1780 5110
973 1066 1
973 1045 1
973 1327 2
973 345 2
975 861 3635
975 1293 43690
976 464 1
976 890 4373
976 1263 1
977 251 2
977 752 44528
977 1498 2
978 1485 1
978 1105 1
979 1571 1
979 1525 1
980 1110 46054
980 1693 1
980 464 1
980 1830 8
980 34 3665
980 1789 2
981 260 2
982 1239 1
983 464 45191
984 76 7062
984 647 25299
985 1609 1
985 1095 1
985 1109 2
986 13 1
987 1893 1
987 1947 1
987 340 2351
988 1132 41982
989 1990 1
989 1270 40618
990 421 1
990 1407 2
990 56 822
990 464 43090
990 1039 3061
990 668 1
991 1897 43198
992 1927 1
993 1366 1
994 1372 2
994 800 3702
994 464 44856
994 277 1
995 820 43875
996 349 27872
996 1491 43686
997 1294 1
997 27 2681
998 1715 8037
998 59 40349
999 448 1
999 51 1
1000 1993 1
1001 1075 1
1002 1091 2
1002 1792 2
1002 1395 1
1003 761 1
1004 1059 2
1004 1729 1
1004 1853 1
1004 464 49558
1004 1290 33574
1005 205 44370
1005 1225 1
1005 1037 3447
1005 220 2
1005 342 1
1006 573 2
1006 1158 2
1006 983 2
1006 804 1
1007 469 1
1007 1713 1
1007 1611 34026
1007 1084 12315
1007 984 2
1008 1530 1
1008 877 400
1008 2000 2
1013 396 2
1013 464 1
1014 595 2
1014 59 1
1015 1071 1
1015 1293 1
1015 1891 1
1015 1970 5423
1015 34 7216
1015 956 2
1017 454 8463
1017 464 41461
1019 693 1
1019 1585 1
1019 798 1
1021 626 40377
1021 967 35050
1022 464 42742
1023 348 1
1024 833 1762
1024 1767 42
1024 592 40265
1025 135 1
1025 1850 1
1026 1939 1
1026 1077 3
1026 1143 40089
1026 15 39611
1026 118 11365
1027 81 2
1027 1810 43614
1027 1776 2
1027 1407 2
1028 480 1
1028 1727 1
1028 1100 1
1028 1017 2
1028 1709 35170
1029 1139 768
1029 1788 1
1030 706 1456
1031 222 2
1031 1722 1
1032 339 1
1032 596 4096
1032 1528 1
1032 1211 2
1033 464 45373
1033 1021 1
1036 379 45104
1037 712 1
1037 16 40105
1037 191 1
1037 131 4
1038 315 1
1038 1203 1
1039 1 2
1039 978 1
1039 1880 2
1039 194 3059
1040 873 1
1040 1485 1
1042 464 2
1043 250 90
1044 43 2
1045 1733 2
1045 357 2
1046 248 41806
1046 924 1
1047 274 2
1048 222 2
1049 1170 1
1049 1612 1
1050 661 2
1050 1359 1
1051 1406 41561
1053 857 6304
1053 777 80
1053 247 4704
1055 650 2
1055 1949 41250
1055 464 2
1058 349 4
1059 1352 16
1060 731 2
1061 1773 2
1063 1618 2
1064 451 43365
1065 647 2
1066 180 12754
1066 1814 7765
1067 1916 1
1070 113 1
1071 968 1
1072 868 42664
1072 218 1
1072 148 1
1072 398 8646
1073 362 1
1073 1676 1
1073 1931 1
1074 203 1
1075 395 8
1076 93 1
1076 1878 2
1076 1949 1
1077 889 1
1077 1922 2
1079 464 42617
1080 432 6
1081 1529 40989
1082 470 2871
1083 1812 2
1084 693 4445
1084 1465 7873
1085 1013 2
1085 879 2
1085 1107 2
1085 504 48150
1087 1392 5418
1089 850 1
1090 971 42884
1090 464 2
1091 1947 2
1091 1686 2
1092 959 2
1093 1374 1265
1093 1818 3670
1094 1174 41080
1094 1211 6793
1094 344 1
1095 464 48501
1097 1239 1
1098 311 1
1099 1898 46823
1099 191 1
1099 6 2
1100 464 42277
1101 1852 2
1101 1570 40415
1101 1324 2
1101 1839 2
1102 724 1
1102 1624 2
1102 1094 1
1103 1894 48445
1103 1937 1
1103 1111 1
1103 1501 2
1104 1150 1
1105 1645 2
1105 1084 1
1106 1230 5106
1106 884 1
1106 824 1
1106 836 1
1107 1015 2
1107 1253 1
1108 1029 767
1108 1030 1456
1109 464 42981
1110 1738 5731
1110 1854 40323
1111 464 41571
1112 1444 1
1112 1408 1
1112 1059 2
1112 1151 2
1112 1811 1
1113 1799 1
1113 1982 40680
1113 973 7461
1113 1307 1
1113 918 1
1113 1007 2
1113 138 1
1114 1544 1
1115 30 42272
1116 236 41753
1116 1788 591
1117 1487 1
1118 1401 1
1118 221 2
1118 1750 2
1122 1765 2
1123 777 1
1126 1260 2
1126 464 43011
1126 1243 2
1127 513 5988
1127 463 1
1128 79 49967
1129 1348 3262
1131 972 1255
1132 650 45091
1134 357 7896
1135 129 2
1136 464 48623
1137 1352 1
1137 996 26759
1137 1991 1
1138 37 5
1138 1520 1
1139 1314 1943
1139 1601 3
1139 836 767
1140 1360 1
1142 1061 1
1142 395 3
1143 144 1
1143 1476 40532
1143 340 2
1144 1517 40690
1144 299 5489
1145 1530 1
1145 968 2
1146 629 1
1147 1890 2
1147 1942 255
1148 1460 43243
1148 1446 3556
1148 6 1
1148 1739 42172
1149 458 13033
1150 1517 3
1150 1616 1
1151 464 43445
1152 1325 1
1152 644 2
1153 1366 2
1153 1720 1
1154 1375 2
1154 1415 1
1154 954 1
1155 912 1
1155 1455 4
1156 1805 1
1156 763 1
1156 1993 2
1158 464 41916
1159 1239 47643
1159 1950 5258
1161 464 2
1162 1403 1
1162 822 1
1162 1356 1
1162 697 4
1162 1156 1
1162 909 2
1162 1641 1
1162 313 1
1163 903 2
1163 251 1
1165 1297 40235
1165 1802 1
1165 413 1
1166 1882 36990
1166 1715 1
1167 1098 1
1167 888 2
1167 348 8427
1167 1774 1
1168 796 7884
1169 1253 1
1169 826 39274
1169 1134 2
1170 1484 3541
1170 1698 26698
1171 87 1
1172 1624 2
1172 1897 2
1173 1690 2
1174 464 41078
1174 556 45019
1174 1134 2
1176 577 1
1176 1245 49358
1176 7 1
1176 989 40618
1176 570 48889
1176 1099 46825
1176 1448 45913
1176 855 2
1176 1772 2
1176 223 1
1176 1402 46379
1176 175 1
1176 752 40215
1176 1943 49718
1176 1200 1
1176 1091 1
1176 165 42540
1176 136 92049
1176 1106 1
1176 281 40344
1176 964 44010
1176 1717 2
1176 225 45960
1176 1438 45932
1176 1321 43382
1176 1218 47242
1176 1724 42993
1176 1728 48341
1176 1705 40069
1176 1526 2
1176 1386 47257
1176 1780 44174
1176 273 92956
1176 1457 49314
1176 412 40251
1176 697 1
1176 1349 1
1176 639 41086
1176 519 42314
1176 1894 42993
1176 1302 42257
1176 1439 2
1176 1715 2
1176 544 41185
1176 581 2
1176 1348 47160
1176 319 2
1176 1700 44627
1176 417 49340
1176 1737 48897
1176 1483 42658
1176 514 44678
1176 1548 2
1176 715 46158
1176 649 2
1176 1085 48156
1176 409 2
1176 757 44745
1176 177 95757
1176 1466 48030
1176 1837 1
1176 670 45325
1176 1825 46773
1176 1559 45397
1176 948 49585
1176 728 49261
1176 485 1
1176 860 41929
1176 530 41159
1176 497 2
1176 503 1
1176 850 2
1176 86 46159
1176 464 100000
1176 600 48701
1176 1768 43767
1176 845 42482
1176 833 40981
1176 572 43211
1176 245 46789
1176 252 42542
1176 840 45844
1176 239 2
1176 906 45753
1176 891 1
1176 832 46452
1176 1065 2
1176 1550 43397
1176 921 41035
1176 620 1
1176 335 42359
1176 1217 2
1176 1045 1
1176 1517 2
1176 1863 2
1176 1905 1
1176 176 43948
1176 1475 48453
1176 586 44324
1176 810 49188
1176 1225 87703
1176 1845 49627
1176 1113 48145
1176 648 49288
1176 1787 49217
1176 420 45416
1176 407 40685
1176 1534 40903
1176 961 2
1176 333 45687
1176 1247 2
1176 1102 2
1176 977 44531
1176 942 2
1176 1358 44225
1176 696 45988
1176 1318 41637
1176 23 45023
1176 1687 13106
1176 529 88606
1176 375 49247
1176 1873 2
1176 1027 43620
1176 723 45548
1176 149 40305
1176 1410 49961
1176 1007 46343
1176 947 42360
1176 863 44959
1176 1346 1
1176 558 43116
1176 1183 49381
1176 1866 2
1176 708 48067
1176 1036 45104
1176 879 90555
1176 749 1
1176 1419 49556
1176 140 43634
1176 910 82484
1176 588 2
1176 1797 46711
1176 1588 2
1176 848 1
1176 1024 42067
1176 362 2
1176 1938 2
1176 1984 41046
1176 1189 48121
1176 21 49136
1176 67 35017
1176 1556 2
1176 968 1
1176 1767 41278
1176 943 90608
1176 509 49383
1176 155 44715
1176 1472 46612
1176 1202 2
1176 907 40099
1176 1219 48659
1176 1835 42903
1176 1323 42324
1176 1972 1
1176 1229 45035
1176 238 2
1176 1049 1
1176 565 12
1176 1228 1
1176 841 49685
1176 55 2
1176 865 41527
1176 1781 47884
1176 1005 47818
1176 1046 41802
1176 1412 48975
1176 187 2
1176 1259 41138
1176 1847 40275
1176 68 2
1176 1480 44438
1176 1951 46732
1176 1758 40462
1176 123 40506
1176 1144 1
1176 66 47914
1176 183 40133
1176 1562 47532
1176 658 1
1176 673 40012
1176 1104 1
1176 1764 49660
1176 93 41968
1176 751 42190
1176 1868 42885
1176 52 1
1176 303 46946
1176 1470 45193
1176 815 2
1176 1665 2737
1176 1703 49614
1176 1374 40486
1176 543 44368
1176 645 1
1176 985 2
1176 1734 46077
1176 1236 2
1176 129 1
1176 1955 42397
1176 248 2
1176 1816 1
1176 748 46112
1176 1401 1
1176 322 1
1176 1191 41575
1176 374 42178
1176 490 41760
1176 606 43968
1176 837 2
1176 1740 44413
1176 236 46506
1176 217 46442
1176 1644 42712
1176 849 48143
1176 10 49956
1176 100 44550
1176 564 2
1176 448 44165
1176 990 45787
1176 1017 49919
1176 1611 45006
1176 952 41254
1176 460 2
1176 1506 1
1176 1934 46175
1176 690 1
1176 438 41044
1176 1682 36013
1176 678 1
1176 96 47512
1176 1281 2
1176 142 40994
1176 614 1
1176 1452 2
1176 364 2
1176 540 40063
1176 1829 2
1176 1615 2
1176 1148 49473
1176 1869 41751
1176 1080 2
1176 1333 44658
1176 378 1
1176 1646 40842
1176 677 44372
1176 1163 1
1176 1851 42636
1176 1381 42570
1176 956 46676
1176 1482 43940
1176 806 43131
1176 1365 44973
1176 1199 93540
1176 42 47537
1176 518 49719
1176 494 2
1176 231 49136
1176 1862 43551
1176 1794 2
1176 45 2
1176 1614 1
1176 687 48532
1176 1662 42752
1176 1278 48127
1176 1743 2
1176 877 47705
1177 509 1
1177 1216 1
1178 1004 1
1178 1487 1
1178 895 45903
1178 773 2
1178 1437 1
1178 544 1
1180 1548 1
1180 34 4
1181 1650 1
1183 1320 36883
1183 308 1
1183 1407 1
1183 1044 2
1183 1483 3469
1183 117 9037
1185 302 1
1186 138 2
1187 593 1
1187 1380 2730
1188 1202 2
1188 432 1
1189 1402 5919
1189 265 42200
1189 385 2
1190 991 2
1191 1396 41573
1191 1514 2
1192 994 7861
1193 1168 2
1194 1828 1
1196 624 1
1196 838 2
1196 1845 1888
1196 356 2
1199 605 4
1199 458 1
1199 1103 1
1199 393 1
1199 1269 28885
1199 1037 36664
1199 494 2
1199 1769 38236
1200 1282 1
1200 40 1
1200 1102 1
1201 756 46016
1201 1048 2
1201 836 4071
1202 1366 43444
1202 228 1
1202 320 49175
1202 908 2
1203 1816 40139
1204 1715 2
1204 299 1
1204 111 1
1205 1392 2
1205 874 2
1207 147 1
1208 528 1
1208 485 1
1208 1828 8027
1209 824 2039
1209 389 40867
1210 621 1
1211 174 6795
1212 470 44044
1212 1174 643
1213 1659 2
1213 1773 1
1214 129 2
1215 706 2
1216 179 2
1216 1636 2
1216 167 37078
1216 1900 1
1216 1163 1
1216 1444 2
1217 464 2
1217 434 1
1217 642 2
1217 1803 42701
1217 1046 1
1217 1539 5
1218 1028 7410
1218 1915 2
1218 1987 39830
1219 1857 1
1219 211 1
1219 1309 1
1219 1094 2
1219 525 1
1219 1709 5876
1219 1990 42778
1220 1838 426
1221 444 1
1221 1312 1
1222 720 2
1222 1155 5
1222 188 1
1225 980 8019
1225 403 41242
1225 667 38443
1225 520 1
1226 148 1
1226 1772 1
1228 403 1
1229 923 1
1229 1238 1
1229 1503 45033
1230 1066 5109
1231 1354 1
1231 1015 5428
1231 1017 2
1231 171 3240
1231 556 2
1233 700 1
1233 1444 3
1233 252 4216
1233 1161 2
1234 464 42957
1234 953 4121
1235 623 2
1236 354 2
1236 93 10849
1237 1109 42847
1238 1154 1
1238 289 1
1239 464 47649
1240 234 1
1240 1992 1
1243 1711 11
1244 1140 1
1244 888 2
1244 1718 2
1245 36 40613
1245 552 6
1245 847 8737
1245 475 2
1246 846 1
1247 1204 1
1247 1842 1
1248 1072 5477
1248 53 1
1248 621 1
1249 930 1
1250 998 1
1250 400 1
1251 1015 7214
1251 416 41167
1252 1914 2
1253 1060 2
1253 357 2
1255 464 44512
1255 873 20873
1257 1172 2
1257 1804 42845
1257 1601 2
1258 790 6779
1259 1817 2
1259 771 1
1259 448 41135
1260 1399 618
1262 626 1
1262 1871 1
1263 1128 1
1263 1359 8231
1267 1429 41264
1267 609 41003
1267 1147 257
1267 464 2
1267 1965 1
1268 507 1
1268 1965 2
1269 340 2
1269 1751 2
1269 1532 42182
1269 1094 1
1269 1484 2
1269 962 4
1269 1658 2480
1269 1818 28886
1270 222 42823
1271 1566 2
1271 925 1
1273 850 40995
1277 435 1
1277 1368 1
1278 1554 16259
1278 335 5985
1278 1494 22367
1278 569 1
1278 498 45316
1279 1338 6454
1279 1508 1
1280 1288 2
1280 1414 4
1280 1570 7756
1281 996 1731
1281 464 1
1281 740 45019
1282 486 1
1282 1084 1
1282 1904 2
1282 1487 1
1282 1126 4
1282 308 1
1283 857 2
1283 846 4904
1283 371 2
1283 1828 40640
1284 1659 41359
1284 396 4700
1288 1669 6083
1288 1144 2
1289 1555 2
1290 464 1
1290 180 33573
1291 464 46171
1291 896 36805
1292 1847 1
1293 464 43692
1294 1216 1
1294 1079 2
1295 1008 403
1295 1783 1
1295 692 1
1295 1647 2299
1295 997 2682
1295 464 1
1297 1314 40235
1299 866 1
1299 1902 6
1299 1021 1
1300 528 1
1301 359 2
1302 48 42248
1302 1962 1
1302 1673 2
1302 1556 1
1302 1638 1
1302 546 2
1302 1916 2
1303 838 1
1304 771 6883
1305 1099 1
1305 1839 1
1306 464 2
1306 1639 2
1306 1395 2
1307 1512 2
1307 47 40517
1309 1270 1
1310 705 48246
1310 455 1
1311 156 1
1312 302 40006
1313 464 43223
1314 1775 1
1314 749 42177
1316 354 1
1317 128 27239
1318 710 2
1318 1568 30932
1318 84 2
1318 1913 1
1318 1203 40137
1318 625 1
1319 464 49273
1320 1608 36885
1320 1731 1
1320 1843 1
1321 848 2
1321 923 2
1321 156 43376
1321 230 2
1323 1170 2
1323 1511 1
1323 820 2
1323 1844 1890
1323 588 40494
1324 1484 1
1324 804 2
1324 464 1
1325 1404 1
1325 144 1
1325 1711 6732
1325 464 43354
1327 1966 2
1329 983 1
1329 1695 1
1329 1075 2
1330 1477 2
1331 1477 1
1333 1776 44657
1333 360 1
1335 1775 2
1335 79 2
1335 222 2
1336 464 41182
1338 728 6454
1340 1484 2
1340 1367 1
1341 451 1
1341 1336 1
1341 1899 2
1342 464 47616
1343 1966 45426
1343 1720 2
1344 1409 1
1345 728 3802
1345 414 2
1345 30 2
1346 1304 1
1347 794 30924
1348 99 13112
1348 1094 31227
1348 1288 6083
1349 1291 2
1349 998 48376
1350 1786 2
1350 464 49811
1351 464 43943
1352 1342 29849
1352 464 86174
1354 384 1
1354 1126 2
1354 1785 8229
1354 500 40853
1354 914 38690
1356 1710 1
1357 1918 1
1357 455 2
1357 1597 41441
1357 1585 2
1357 109 1
1357 1898 1
1358 235 44220
1358 1492 2
1358 1912 1
1358 1763 2
1359 1922 44857
1359 319 41942
1359 515 2
1360 1284 4157
1360 595 2702
1361 852 2298
1361 1517 8181
1361 516 1
1361 349 1
1362 1165 1
1362 1791 45927
1362 1526 1
1362 1316 1
1365 1563 1
1365 22 2
1365 352 44223
1365 190 744
1365 913 1
1365 939 2
1366 464 44916
1367 968 2
1368 464 40667
1369 9 3
1369 1180 2
1369 769 39821
1370 1750 14643
1371 976 1
1371 236 1
1372 1878 2
1373 1087 5418
1374 1925 43324
1374 1220 22
1374 188 3
1374 51 37716
1374 1411 3494
1375 464 1
1375 455 5492
1375 1720 1
1376 464 2
1376 500 1
1376 236 2449
1380 533 70
1380 846 2
1380 1643 2660
1381 397 46065
1381 995 40699
1383 464 43963
1384 362 2
1385 1744 1
1385 1962 3622
1386 368 5214
1386 433 4407
1386 536 1797
1386 1354 40244
1387 809 1
1388 703 2
1389 1145 2
1389 51 24124
1389 857 1
1389 1094 16642
1391 161 2
1392 1801 1
1392 1710 5423
1393 1158 2
1393 331 1
1393 1163 1
1394 1128 2
1395 1350 41317
1395 1243 2
1396 642 2
1396 46 41565
1396 541 1
1396 1244 5
1399 1878 9133
1399 1867 37021
1400 463 2480
1401 1126 1
1401 1745 2
1402 1578 42035
1402 916 2
1402 986 1
1402 1794 2
1402 1199 10254
1402 1171 1
1402 577 1
1402 258 2
1403 1491 1
1404 464 41701
1405 500 2
1406 1993 41563
1407 1426 1
1407 1994 3
1407 609 1
1408 338 2
1408 680 1
1409 1095 1
1409 1404 41696
1409 371 43034
1410 325 7877
1410 341 48918
1410 1349 1
1410 1585 2
1410 1635 1036
1410 1424 1
1411 1381 3494
1412 1617 47440
1412 998 2
1412 1166 1
1412 1763 1
1412 370 1522
1412 308 2
1412 925 2
1412 1519 1
1412 260 1
1412 601 2
1412 978 1
1413 1491 1
1413 236 3248
1414 464 2
1414 1350 1
1414 1014 2
1415 298 1
1416 353 1
1417 1043 2
1418 129 1
1419 1646 41368
1419 709 4
1419 68 8183
1419 358 1
1420 464 2
1421 491 40670
1421 1050 2
1422 983 1
1422 402 4
1423 1255 2
1424 869 943
1426 1841 1
1427 1969 2
1427 706 2
1427 302 2
1428 1270 2
1428 1669 1
1429 182 37960
1429 217 26142
1431 1569 1
1431 103 1
1431 1024 2
1431 136 2
1431 1733 1
1431 328 7218
1431 226 1
1432 1080 2
1432 1335 2
1432 251 1
1432 1764 3
1432 396 44482
1433 1252 1
1434 62 5268
1435 1611 1
1435 1787 1
1436 1537 2
1436 998 5
1437 1349 2
1438 1892 1
1438 44 1
1438 1362 45930
1439 1031 2
1440 464 42420
1441 1329 2
1442 174 3
1443 676 5
1443 1090 2
1443 470 2
1443 1670 38429
1443 207 1
1444 608 1
1444 1878 2
1444 1136 2
1444 1627 1
1446 1170 2
1446 1964 2
1446 1650 3553
1447 1003 1
1447 1023 1
1448 1178 45909
1448 38 2
1448 1116 2
1450 1307 1
1450 268 2
1450 383 1
1450 242 2
1450 843 2
1451 688 40225
1451 1944 2
1451 1414 1
1451 1532 2
1451 748 2
1451 1753 1
1452 464 85148
1453 1847 1
1454 1291 42763
1454 92 2
1455 1375 2
1455 88 1
1455 1471 1
1457 1677 4
1457 1649 14461
1457 1673 1
1457 1165 40236
1458 1771 1
1459 1466 1
1459 10 1
1459 1284 41898
1460 104 43243
1460 1025 1
1461 1236 10849
1461 539 2
1462 1323 65
1463 520 4495
1464 1919 46108
1465 1773 7873
1466 1376 2451
1466 211 4
1466 1281 46749
1466 703 2
1466 1202 43529
1467 1805 1
1467 1208 8027
1467 404 1
1467 406 2
1469 1514 1
1469 991 2
1469 1616 2
1469 976 4372
1470 1318 29436
1470 1480 1
1470 464 2
1470 1813 15754
1471 339 1
1472 1684 39364
1472 1855 2
1472 1190 2
1472 41 2
1472 359 2
1472 1231 1
1472 580 7239
1474 464 46132
1475 1038 2
1475 1107 1
1475 278 1
1475 1103 48448
1475 1815 1
1476 464 40539
1477 464 48404
1479 1992 2
1480 1368 1
1480 195 3730
1480 951 1
1480 1571 40707
1480 1210 1
1480 723 1
1481 147 1
1481 104 13433
1482 1742 1750
1482 1593 1
1482 464 42190
1482 1729 1
1483 1002 1
1483 1347 1
1483 221 2
1483 464 46124
1483 1138 1
1484 464 45570
1485 1526 44844
1485 105 40501
1486 975 1
1487 863 3976
1488 946 1
1488 594 1
1488 1138 4
1489 1950 42537
1489 1075 1
1489 1416 1
1490 573 2
1490 966 1
1491 464 43688
1492 1715 2
1493 1733 39431
1494 1454 22368
1495 1360 5418
1496 834 2
1496 1923 2
1496 1067 1
1496 926 3979
1496 937 2
1496 680 1
1497 1597 1
1498 1811 1
1498 239 1
1500 20 2
1500 693 40482
1501 47 1
1501 120 1
1503 1788 41759
1503 543 3272
1503 1930 1
1503 1476 1
1506 299 39955
1507 470 1
1507 464 1
1508 57 1
1508 119 1
1508 1132 1
1509 1045 1
1510 809 2
1510 288 3211
1511 1100 1
1512 464 45972
1513 590 4556
1513 1226 2
1513 1436 1
1513 563 2
1513 1371 1
1513 1174 2
1513 631 1
1513 299 1
1513 694 6456
1514 1075 2
1514 1570 2
1516 266 40670
1516 731 1
1516 1162 12
1517 464 48878
1518 1839 2
1518 703 1
1518 1965 44665
1519 925 2
1519 1736 1
1520 1952 1
1520 464 4
1521 1134 1
1522 52 42866
1522 1158 1
1522 556 1
1523 873 1
1524 573 9054
1525 1289 1
1526 464 44849
1528 1832 1
1529 182 2
1529 464 40989
1530 1808 2
1531 82 1
1531 890 1
1531 494 15095
1531 846 26934
1531 851 1
1532 975 44239
1532 1661 2219
1533 288 2
1534 1169 39277
1534 763 1628
1535 1961 2
1536 577 26342
1537 464 41759
1537 1336 41176
1539 772 2
1539 120 2
1539 1482 1
1539 251 1
1541 1803 2
1542 1209 42658
1542 1312 2
1544 542 2
1544 846 1862
1545 1476 1
1547 66 36985
1547 1152 3
1547 1646 5678
1548 1201 1
1548 252 2
1549 357 1
1550 1200 2
1550 1408 1
1550 1582 1
1550 1820 2366
1550 338 1
1550 1822 41023
1550 912 1
1550 1980 2
1551 164 1
1552 166 1
1553 1583 2
1554 99 16259
1555 464 44641
1556 1405 2
1556 464 1
1557 1733 1
1558 515 45821
1559 576 14655
1559 81 1
1559 464 45090
1559 769 20657
1561 64 1
1561 857 1
1562 330 2
1562 1657 1
1562 1354 47529
1563 620 2
1564 1303 1
1566 1592 1547
1566 464 1
1568 1250 2
1568 1522 2
1568 392 30928
1569 1613 1
1570 464 48172
1570 1529 2
1571 547 40709
1571 857 1
1572 1922 1
1572 1624 36395
1574 996 4
1576 1033 5064
1576 491 3365
1577 315 1
1577 258 40697
1578 1531 42030
1578 200 2
1578 464 2
1578 1735 1
1580 20 2
1582 1185 1
1582 797 1
1582 706 1
1583 464 42231
1584 1257 1
1585 464 1
1585 1209 11
1588 24 2
1589 1112 6
1589 752 1
1589 1916 4
1589 500 5723
1591 985 1
1592 896 1551
1592 908 2
1593 1803 1
1594 1878 1
1595 869 1558
1595 1959 1
1595 852 2743
1595 174 2
1595 499 1
1597 464 41443
1599 369 1
1599 327 1
1600 1262 1
1600 1526 1
1600 569 1
1601 1128 815
1601 397 1
1602 998 2
1603 888 2
1603 129 1
1604 1 2
1605 260 901
1606 79 1
1606 1080 2
1606 286 40243
1607 1805 6692
1607 1645 2
1608 1689 40863
1608 464 2
1608 705 2
1609 458 1
1611 334 1
1611 1158 41909
1611 983 44997
1612 824 1
1613 626 2
1613 1033 2
1614 234 1
1615 1345 1
1615 88 4
1616 464 40618
1617 464 40565
1617 1324 1
1617 920 6874
1617 125 1
1617 1680 2
1618 896 2
1618 1289 1
1619 1097 1
1623 680 2
1624 464 49755
1627 626 3557
1627 464 2
1627 848 2
1628 983 188
1628 1639 5923
1631 1842 1
1631 1650 1
1633 390 1
1633 731 2
1633 458 1
1634 76 1
1635 1248 5479
1635 1681 1
1635 1775 1
1635 665 1
1635 1555 4
1636 1878 9
1637 670 2
1638 1132 3106
1638 406 40113
1639 928 1
1639 432 42926
1639 464 43922
1640 882 40297
1640 1469 4376
1641 1933 2
1641 608 42940
1641 1112 1
1641 706 2
1643 1066 2659
1643 308 1
1644 878 42716
1645 1878 11713
1646 1082 2869
1646 1639 40701
1646 441 2
1646 1783 1
1646 464 44315
1646 1366 1
1646 1053 1
1647 1711 1
1647 1361 2298
1648 464 45058
1649 795 9069
1649 796 2
1649 1839 5390
1649 277 1
1650 1627 3558
1650 1359 2
1651 1093 1265
1651 1429 2
1651 858 1
1653 604 10606
1655 287 1
1657 599 1
1657 1842 1
1658 1434 5268
1658 1765 41172
1658 120 1
1659 464 41367
1660 464 43827
1661 854 1
1661 1115 42270
1662 1986 41805
1662 242 947
1663 1990 1
1663 1421 40669
1663 1091 1
1663 826 2
1664 337 1
1665 1795 1
1665 737 2734
1665 492 2
1666 1686 5073
1667 1726 1
1669 629 3080
1669 464 43807
1670 670 38430
1670 1976 1
1672 1284 1
1673 464 3
1674 235 1
1674 1002 2
1675 653 1
1676 464 1
1677 759 1
1677 1823 1
1677 1583 2
1680 577 1
1680 1143 1
1681 1967 13095
1681 664 1
1681 81 2
1681 1906 2
1682 1943 32022
1682 810 1
1682 1496 3987
1682 1929 1
1682 1432 2
1683 550 2
1683 143 1
1684 1975 1
1684 1580 2
1684 1102 1
1684 216 39360
1685 1284 1
1686 27 1
1686 919 5075
1687 1799 2
1687 871 13100
1687 732 1
1687 1905 2
1687 344 1
1689 251 40865
1690 464 2
1691 509 1
1691 113 2
1692 464 2
1693 1727 2
1694 1143 2
1694 870 2
1694 761 9076
1695 64 1
1696 1929 2
1696 905 1
1698 1648 1
1698 1616 40611
1699 795 1
1699 464 1
1700 907 5173
1700 1142 1
1700 1246 1
1700 980 39452
1702 1477 40129
1703 1026 43763
1703 423 1
1703 1134 1
1703 806 1
1703 2 5846
1703 1040 2
1705 1786 1
1705 1854 1
1705 1073 1
1705 427 1
1705 807 40064
1705 1282 1
1706 1832 2
1707 302 1
1707 1828 1
1708 999 1
1709 1533 2
1709 309 43073
1709 1539 1
1709 1561 1
1709 985 1
1710 239 6331
1711 343 48260
1713 1021 1
1714 1108 2
1714 577 2
1714 1273 1
1714 42 2207
1715 1051 41561
1716 1945 2
1716 502 2078
1716 464 40552
1717 1476 2
1718 1381 40699
1719 464 2
1720 599 41190
1720 1260 2
1722 464 2
1724 907 2
1724 1825 1
1724 927 40324
1724 1217 2666
1725 930 1
1725 1887 1
1726 1648 2
1727 308 1
1727 809 2
1727 1001 1
1728 1215 2
1728 777 1
1728 1709 2032
1728 464 46306
1729 464 1
1729 1477 8267
1729 1149 13031
1729 1417 1
1730 204 1
1731 1335 1
1733 464 40185
1734 1999 2
1734 1249 1
1734 1148 39499
1734 410 2
1734 504 6569
1734 714 3
1734 509 1
1735 226 1
1736 754 1
1736 238 1
1737 1990 44930
1737 1344 1
1737 1053 6309
1737 695 2
1738 964 5732
1739 277 42275
1740 354 44411
1740 713 2
1741 184 1
1742 599 1752
1743 1836 1
1743 1897 1
1744 1616 2
1745 916 3
1747 464 47190
1749 1824 1
1749 644 40448
1749 1846 1
1749 381 1
1750 308 13833
1750 1810 810
1750 397 2
1751 1350 728
1753 1555 2
1755 1708 1
1755 350 2
1756 400 1
1757 426 1
1757 1683 3
1758 1066 1
1758 507 40048
1758 1064 2956
1759 348 1
1760 1585 2
1760 192 41531
1762 736 2
1762 62 36909
1763 1399 1
1763 1255 2
1764 160 40217
1764 1284 2
1764 1258 6778
1764 141 2668
1765 464 41177
1765 372 1
1766 693 1
1766 596 2
1766 1608 3982
1767 1521 1
1767 891 42392
1767 1824 44205
1768 1991 1
1768 1459 41898
1768 1883 1
1768 1079 2
1768 319 1
1768 1544 1863
1768 1469 1
1769 1485 33145
1769 1910 5089
1769 1536 2
1770 31 1
1770 1881 2
1770 1922 1
1771 705 1
1772 1831 1
1772 1188 1
1772 852 2
1772 1639 2
1773 1168 7877
1774 1949 1
1774 254 1
1774 1429 2
1775 464 45579
1776 15 9
1776 214 1146
1776 758 43504
1777 919 44324
1777 806 1
1778 464 1
1778 1487 3973
1779 1786 1
1780 1751 726
1780 1106 5108
1780 347 43450
1781 551 47879
1781 1181 1
1781 1203 1
1781 828 1
1781 1631 2
1782 1204 1
1783 349 1
1783 385 1
1785 1263 8228
1785 546 1
1786 1059 9
1787 108 40396
1787 909 1
1787 1212 8820
1787 1936 1
1788 338 331
1788 1484 42021
1789 477 2
1790 464 1
1790 289 1
1791 805 1773
1791 462 44157
1792 1524 9050
1793 187 2
1794 182 2
1794 210 2
1795 294 2
1795 1208 2
1795 1976 1
1796 854 1
1797 1741 1
1797 803 2
1797 1507 2
1797 563 46706
1798 1657 1
1799 1756 1
1799 497 2
1799 1772 3
1801 994 10
1802 1801 1
1802 270 2
1803 464 42706
1804 1341 2
1804 1237 42844
1805 1312 39999
1805 1350 7765
1805 1368 1
1808 320 14582
1809 1351 1
1810 1601 811
1810 1393 1
1810 317 43612
1811 395 7729
1812 890 22411
1812 335 4826
1813 1720 1
1813 427 4901
1813 474 1
1813 1461 10851
1814 464 1
1814 1319 49273
1815 400 1
1816 464 49175
1817 1999 2
1817 1669 3082
1818 1343 32558
1819 1295 5387
1819 1357 6
1819 635 1
1819 1757 2
1819 137 1
1820 739 2
1820 1826 2357
1820 1450 7
1821 462 1
1822 406 1
1822 168 14729
1822 861 44382
1822 464 42819
1823 348 3
1824 464 44210
1825 945 2
1825 420 5328
1825 1357 41442
1825 464 2
1826 114 2353
1826 1624 2
1826 1873 2
1827 801 6
1827 321 1
1827 504 1
1827 1004 2
1827 464 41232
1828 389 2
1828 464 48669
1828 1325 8646
1828 1359 1
1829 1582 1
1829 889 1
1830 327 2
1830 1032 6
1830 1053 1
1831 505 1
1831 1592 1
1832 1660 43822
1833 1931 5984
1833 464 41375
1834 894 1
1835 1026 42899
1835 1989 2
1835 867 2
1836 360 1
1837 452 1
1837 1566 1
1838 166 2
1838 1999 2
1838 836 424
1839 854 46961
1839 1342 1
1841 471 1
1842 464 41614
1843 1401 1
1843 1293 1
1844 1711 2
1844 62 1888
1845 307 2
1845 35 49251
1845 980 2257
1845 430 2
1845 223 2
1845 913 1
1846 1485 42309
1846 1209 233
1846 1566 1540
1847 884 48522
1847 1399 38801
1850 903 2
1851 203 1
1851 687 1
1851 1101 40421
1851 1714 2212
1851 1958 1
1852 1186 2
1853 804 2
1854 20 40325
1855 75 1
1855 1476 1
1855 1980 1
1855 557 1
1856 584 1
1857 347 1
1859 464 2
1859 343 1
1861 1842 2
1862 1619 1
1862 464 43548
1862 1380 2
1863 309 2
1865 684 1
1865 928 2
1866 866 2
1866 464 41202
1866 596 2
1866 471 1
1867 464 42240
1868 353 2
1868 1116 2
1868 1090 42882
1868 88 1
1869 135 41749
1869 456 2
1870 989 1
1870 464 1
1870 194 2
1871 1352 46623
1873 582 1
1873 1707 2
1873 1948 1
1874 447 2
1874 964 28178
1876 681 1
1877 841 451
1877 544 1
1878 1255 23536
1880 1079 42607
1881 62 2
1882 1919 43210
1882 58 42410
1883 619 1
1883 215 1
1884 827 1
1884 1144 3310
1885 1842 1
1886 1925 1
1887 1404 1
1888 1263 2
1888 1436 2
1888 596 1
1888 1931 1
1890 464 44993
1891 464 2
1891 396 2
1892 144 1
1893 1949 1
1894 626 1
1894 1477 1
1894 1201 47747
1894 244 1
1894 1500 40479
1894 246 3210
1895 1925 40451
1895 1791 1
1895 464 1
1896 413 1
1897 92 43203
1898 1291 40205
1898 464 44295
1899 464 47423
1900 991 2
1902 1639 1
1902 1597 1
1902 1990 3
1902 1432 2
1904 1659 2
1905 464 49901
1905 1375 5489
1906 1335 1
1906 768 1
1910 1811 5089
1911 347 2
1912 1720 41187
1912 141 1
1913 1613 1
1914 1042 1
1914 866 23164
1914 1842 41603
1915 279 2
1916 872 1
1916 665 5
1916 238 2
1917 111 2
1917 464 2
1918 1774 1
1919 1022 42741
1919 464 47447
1920 1458 1
1920 1192 2
1921 464 1
1922 464 44865
1923 1205 2
1925 335 1609
1925 416 41294
1925 464 41745
1927 1340 1
1927 650 1
1929 1954 1
1929 1891 2
1929 1239 1
1930 577 2
1930 331 2
1931 1509 1
1931 58 2
1931 1128 49148
1933 754 2
1933 921 2
1934 484 40773
1934 253 5405
1935 144 40871
1936 105 3
1937 238 1
1938 1634 1
1938 265 1
1938 657 1
1939 1306 1
1939 1153 1
1939 1545 1
1940 578 1
1940 817 1
1941 1733 1
1942 1645 11708
1942 502 40213
1942 635 1
1943 39 4694
1943 72 1
1943 1395 2
1943 659 33957
1943 1239 1
1943 20 2
1943 561 42195
1943 464 46610
1943 1488 6
1943 1669 2
1943 521 15
1943 898 2
1944 919 2
1945 778 2
1947 1055 2
1947 58 876
1948 1202 7328
1949 464 41259
1950 1931 43159
1950 1956 3247
1950 1485 9887
1950 251 1
1950 635 2
1950 475 2
1951 1093 3670
1951 996 43062
1952 1053 2
1952 1022 1
1953 464 40024
1954 464 2
1955 1318 2
1955 112 42393
1955 407 2
1956 1413 3247
1956 1747 1
1958 819 1
1959 1213 1
1960 215 1893
1960 382 2
1960 464 1
1960 1428 2
1960 1627 2
1961 921 1
1961 1738 1
1961 354 1694
1961 416 10515
1962 444 3622
1962 1306 1
1963 464 45428
1964 455 2
1965 1 40476
1965 447 8290
1965 464 40962
1966 1963 45428
1967 156 13090
1967 12 1
1967 1930 2
1967 920 2
1969 464 42296
1970 246 2
1970 197 5419
1970 1392 2
1971 898 1
1972 885 1
1973 1391 2
1973 981 2
1973 205 2
1973 481 41151
1974 533 1173
1975 557 1
1976 1237 2
1976 336 10
1978 617 1
1978 1058 1
1979 716 1
1980 703 1
1980 1336 2
1982 993 1
1982 688 2
1982 1663 40673
1982 1460 1
1982 1485 1
1982 1149 2
1983 1811 2637
1983 385 634
1984 891 1
1984 1221 1
1984 411 2
1984 28 41042
1986 1122 2
1986 924 1
1986 1278 41801
1986 1032 1
1987 1082 2
1987 1978 1
1987 1369 39826
1987 218 1
1989 464 40058
1989 1074 1
1989 488 2
1989 776 1
1989 723 1
1990 1359 45122
1990 1931 1
1990 464 42590
1991 27 2
1992 1914 4
1993 1111 41568
1994 206 3
1999 896 9
2000 95 2
